   2.1367164e+01
   2.1557724e+01
   2.1667740e+01
   2.1750204e+01
   2.1837756e+01
   2.1930300e+01
   2.1994236e+01
   2.2046748e+01
   2.2096284e+01
   2.2143420e+01
   2.2190652e+01
   2.2239420e+01
   2.2290588e+01
   2.2339452e+01
   2.2386108e+01
   2.2435644e+01
   2.2482684e+01
   2.2531932e+01
   2.2583388e+01
   2.2633212e+01
   2.2686492e+01
   2.2735740e+01
   2.2787100e+01
   2.2841628e+01
   2.2896060e+01
   2.2948476e+01
   2.3001564e+01
   2.3059740e+01
   2.3117532e+01
   2.3173212e+01
   2.3227548e+01
   2.3283516e+01
   2.3341596e+01
   2.3401212e+01
   2.3458812e+01
   2.3518524e+01
   2.3579100e+01
   2.3641788e+01
   2.3706588e+01
   2.3764188e+01
   2.3827260e+01
   2.3893692e+01
   2.3962332e+01
   2.4027900e+01
   2.4096156e+01
   2.4161436e+01
   2.4228060e+01
   2.4293724e+01
   2.4362460e+01
   2.4436476e+01
   2.4508284e+01
   2.4578940e+01
   2.4658236e+01
   2.4732828e+01
   2.4805212e+01
   2.4883068e+01
   2.4961596e+01
   2.5042812e+01
   2.5123644e+01
   2.5203996e+01
   2.5292220e+01
   2.5390908e+01
   2.5483452e+01
   2.5589340e+01
   2.8889857e+01
   2.9050657e+01
   2.9155105e+01
   2.9275489e+01
   2.9345089e+01
   2.9409601e+01
   2.9465185e+01
   2.9514817e+01
   2.9567425e+01
   2.9623009e+01
   2.9674849e+01
   2.9722465e+01
   2.9772289e+01
   2.9822977e+01
   2.9872417e+01
   2.9925601e+01
   2.9980033e+01
   3.0030529e+01
   3.0080353e+01
   3.0131905e+01
   3.0184321e+01
   3.0237313e+01
   3.0290305e+01
   3.0347617e+01
   3.0400801e+01
   3.0456961e+01
   3.0509665e+01
   3.0567169e+01
   3.0622849e+01
   3.0678817e+01
   3.0735361e+01
   3.0790753e+01
   3.0846433e+01
   3.0908257e+01
   3.0967489e+01
   3.1026913e+01
   3.1088545e+01
   3.1150081e+01
   3.1214689e+01
   3.1276609e+01
   3.1344289e+01
   3.1408801e+01
   3.1473601e+01
   3.1537537e+01
   3.1605025e+01
   3.1674145e+01
   3.1742977e+01
   3.1812673e+01
   3.1880545e+01
   3.1950529e+01
   3.2026369e+01
   3.2099041e+01
   3.2176321e+01
   3.2252929e+01
   3.2336737e+01
   3.2414113e+01
   3.2497729e+01
   3.2580577e+01
   3.2659009e+01
   3.2739265e+01
   3.2823841e+01
   3.2928769e+01
   3.3016321e+01
   3.3114049e+01
   3.3262369e+01
   3.6892910e+01
   3.7103534e+01
   3.7208558e+01
   3.7311950e+01
   3.7389710e+01
   3.7462862e+01
   3.7520366e+01
   3.7569326e+01
   3.7624238e+01
   3.7673390e+01
   3.7723118e+01
   3.7775726e+01
   3.7821518e+01
   3.7875854e+01
   3.7929614e+01
   3.7979054e+01
   3.8027918e+01
   3.8079758e+01
   3.8133134e+01
   3.8181806e+01
   3.8237486e+01
   3.8289902e+01
   3.8343662e+01
   3.8400782e+01
   3.8457998e+01
   3.8509166e+01
   3.8561966e+01
   3.8616206e+01
   3.8674670e+01
   3.8734574e+01
   3.8793134e+01
   3.8855150e+01
   3.8913902e+01
   3.8980334e+01
   3.9040910e+01
   3.9104078e+01
   3.9163022e+01
   3.9224462e+01
   3.9290126e+01
   3.9353102e+01
   3.9418286e+01
   3.9482222e+01
   3.9548846e+01
   3.9610382e+01
   3.9677582e+01
   3.9747086e+01
   3.9818030e+01
   3.9893582e+01
   3.9964142e+01
   4.0037102e+01
   4.0109966e+01
   4.0183214e+01
   4.0260206e+01
   4.0338734e+01
   4.0418126e+01
   4.0495598e+01
   4.0570670e+01
   4.0650350e+01
   4.0736558e+01
   4.0825070e+01
   4.0927310e+01
   4.1025230e+01
   4.1113838e+01
   4.1217614e+01
   4.1409710e+01
   4.4665894e+01
   4.4831974e+01
   4.4947750e+01
   4.5030982e+01
   4.5118726e+01
   4.5186310e+01
   4.5244678e+01
   4.5307462e+01
   4.5358726e+01
   4.5410662e+01
   4.5460390e+01
   4.5506758e+01
   4.5555718e+01
   4.5603910e+01
   4.5650278e+01
   4.5702406e+01
   4.5752614e+01
   4.5803974e+01
   4.5849190e+01
   4.5899590e+01
   4.5947494e+01
   4.5995014e+01
   4.6046278e+01
   4.6096294e+01
   4.6149094e+01
   4.6201990e+01
   4.6258726e+01
   4.6312390e+01
   4.6369606e+01
   4.6425478e+01
   4.6480390e+01
   4.6536838e+01
   4.6593862e+01
   4.6653286e+01
   4.6715206e+01
   4.6774822e+01
   4.6832806e+01
   4.6893286e+01
   4.6955302e+01
   4.7016838e+01
   4.7080486e+01
   4.7144134e+01
   4.7207206e+01
   4.7273542e+01
   4.7340454e+01
   4.7410534e+01
   4.7478502e+01
   4.7550022e+01
   4.7620390e+01
   4.7694982e+01
   4.7764966e+01
   4.7840326e+01
   4.7919430e+01
   4.7999014e+01
   4.8078118e+01
   4.8159526e+01
   4.8245254e+01
   4.8329158e+01
   4.8419398e+01
   4.8506374e+01
   4.8611206e+01
   4.8715078e+01
   4.8851206e+01
   5.2458962e+01
   5.2592786e+01
   5.2731602e+01
   5.2834514e+01
   5.2903538e+01
   5.2976018e+01
   5.3029490e+01
   5.3082578e+01
   5.3140946e+01
   5.3192018e+01
   5.3239058e+01
   5.3286674e+01
   5.3336786e+01
   5.3384306e+01
   5.3430386e+01
   5.3477714e+01
   5.3529554e+01
   5.3581778e+01
   5.3635154e+01
   5.3686034e+01
   5.3736242e+01
   5.3789138e+01
   5.3842994e+01
   5.3894450e+01
   5.3953778e+01
   5.4004658e+01
   5.4062642e+01
   5.4120146e+01
   5.4176690e+01
   5.4230162e+01
   5.4288146e+01
   5.4349298e+01
   5.4411698e+01
   5.4473810e+01
   5.4537842e+01
   5.4599282e+01
   5.4665138e+01
   5.4725042e+01
   5.4788018e+01
   5.4853106e+01
   5.4916754e+01
   5.4981170e+01
   5.5052786e+01
   5.5125170e+01
   5.5191602e+01
   5.5257746e+01
   5.5330514e+01
   5.5404818e+01
   5.5484690e+01
   5.5563506e+01
   5.5639538e+01
   5.5726706e+01
   5.5807154e+01
   5.5890674e+01
   5.5976498e+01
   5.6071634e+01
   5.6168690e+01
   5.6270450e+01
   5.6376914e+01
   5.6497202e+01
   5.6604146e+01
   6.0293059e+01
   6.0469219e+01
   6.0577699e+01
   6.0670051e+01
   6.0736867e+01
   6.0799747e+01
   6.0855619e+01
   6.0912835e+01
   6.0964483e+01
   6.1018531e+01
   6.1064707e+01
   6.1112899e+01
   6.1159747e+01
   6.1207843e+01
   6.1257091e+01
   6.1308067e+01
   6.1357699e+01
   6.1409347e+01
   6.1460611e+01
   6.1510051e+01
   6.1560163e+01
   6.1609507e+01
   6.1661539e+01
   6.1714051e+01
   6.1768195e+01
   6.1818499e+01
   6.1875139e+01
   6.1928995e+01
   6.1983235e+01
   6.2038723e+01
   6.2095555e+01
   6.2153731e+01
   6.2213635e+01
   6.2270467e+01
   6.2329603e+01
   6.2388643e+01
   6.2453347e+01
   6.2519587e+01
   6.2584099e+01
   6.2646979e+01
   6.2708899e+01
   6.2774275e+01
   6.2835907e+01
   6.2902915e+01
   6.2969635e+01
   6.3037411e+01
   6.3106723e+01
   6.3175171e+01
   6.3245251e+01
   6.3315139e+01
   6.3392323e+01
   6.3466531e+01
   6.3542467e+01
   6.3614755e+01
   6.3696835e+01
   6.3777859e+01
   6.3859267e+01
   6.3949315e+01
   6.4035811e+01
   6.4129411e+01
   6.4231651e+01
   6.4335235e+01
   6.4439971e+01
   6.4599811e+01
   6.8322733e+01
   6.8480365e+01
   6.8595181e+01
   6.8689453e+01
   6.8755885e+01
   6.8824141e+01
   6.8885005e+01
   6.8937517e+01
   6.8982541e+01
   6.9029005e+01
   6.9077869e+01
   6.9125293e+01
   6.9172237e+01
   6.9220333e+01
   6.9269389e+01
   6.9318637e+01
   6.9368173e+01
   6.9413773e+01
   6.9465613e+01
   6.9515629e+01
   6.9568621e+01
   6.9617773e+01
   6.9667981e+01
   6.9720877e+01
   6.9775789e+01
   6.9827821e+01
   6.9883501e+01
   6.9934573e+01
   6.9992941e+01
   7.0048813e+01
   7.0101901e+01
   7.0158541e+01
   7.0218157e+01
   7.0280845e+01
   7.0339981e+01
   7.0399789e+01
   7.0462093e+01
   7.0527277e+01
   7.0592941e+01
   7.0653517e+01
   7.0717645e+01
   7.0784845e+01
   7.0852909e+01
   7.0918573e+01
   7.0985773e+01
   7.1054509e+01
   7.1125357e+01
   7.1193229e+01
   7.1264653e+01
   7.1341357e+01
   7.1416525e+01
   7.1490733e+01
   7.1565613e+01
   7.1645869e+01
   7.1720077e+01
   7.1809837e+01
   7.1894797e+01
   7.1978509e+01
   7.2061453e+01
   7.2148525e+01
   7.2235213e+01
   7.2325069e+01
   7.2415405e+01
   7.2501325e+01
   7.2613453e+01
   7.2749101e+01
   7.6490856e+01
   7.6627080e+01
   7.6722312e+01
   7.6822728e+01
   7.6892520e+01
   7.6967400e+01
   7.7020776e+01
   7.7073000e+01
   7.7124168e+01
   7.7176776e+01
   7.7224296e+01
   7.7268168e+01
   7.7310984e+01
   7.7358312e+01
   7.7405640e+01
   7.7453928e+01
   7.7502984e+01
   7.7553480e+01
   7.7606376e+01
   7.7655144e+01
   7.7706888e+01
   7.7755560e+01
   7.7806440e+01
   7.7855976e+01
   7.7907336e+01
   7.7959848e+01
   7.8011496e+01
   7.8062088e+01
   7.8122472e+01
   7.8173544e+01
   7.8229992e+01
   7.8284520e+01
   7.8343176e+01
   7.8402696e+01
   7.8459048e+01
   7.8518088e+01
   7.8577320e+01
   7.8635496e+01
   7.8695592e+01
   7.8760872e+01
   7.8820872e+01
   7.8885576e+01
   7.8946152e+01
   7.9009416e+01
   7.9077192e+01
   7.9148040e+01
   7.9213704e+01
   7.9282632e+01
   7.9353576e+01
   7.9425768e+01
   7.9498056e+01
   7.9571496e+01
   7.9651464e+01
   7.9730856e+01
   7.9805832e+01
   7.9882920e+01
   7.9956264e+01
   8.0035368e+01
   8.0124072e+01
   8.0210472e+01
   8.0292744e+01
   8.0375400e+01
   8.0453928e+01
   8.0542824e+01
   8.0634888e+01
   8.0778792e+01
   8.4013689e+01
   8.4165561e+01
   8.4293433e+01
   8.4381849e+01
   8.4448761e+01
   8.4503769e+01
   8.4558201e+01
   8.4613305e+01
   8.4658041e+01
   8.4704505e+01
   8.4749529e+01
   8.4796761e+01
   8.4842361e+01
   8.4889881e+01
   8.4935865e+01
   8.4985305e+01
   8.5037817e+01
   8.5083417e+01
   8.5132377e+01
   8.5178937e+01
   8.5227801e+01
   8.5280601e+01
   8.5332249e+01
   8.5383033e+01
   8.5439865e+01
   8.5490265e+01
   8.5546137e+01
   8.5603065e+01
   8.5655001e+01
   8.5710297e+01
   8.5767705e+01
   8.5823385e+01
   8.5882041e+01
   8.5936857e+01
   8.5993689e+01
   8.6052441e+01
   8.6110713e+01
   8.6171193e+01
   8.6234553e+01
   8.6301177e+01
   8.6360121e+01
   8.6418873e+01
   8.6485977e+01
   8.6557017e+01
   8.6626233e+01
   8.6688153e+01
   8.6756025e+01
   8.6825337e+01
   8.6895033e+01
   8.6960985e+01
   8.7028281e+01
   8.7099225e+01
   8.7169977e+01
   8.7240441e+01
   8.7310233e+01
   8.7380697e+01
   8.7449145e+01
   8.7521625e+01
   8.7599577e+01
   8.7681753e+01
   8.7763641e+01
   8.7853785e+01
   8.7933945e+01
   8.8019097e+01
   8.8106553e+01
   8.8193817e+01
   8.8283385e+01
   8.8394649e+01
   9.1952501e+01
   9.2155061e+01
   9.2266709e+01
   9.2337557e+01
   9.2413301e+01
   9.2472053e+01
   9.2521781e+01
   9.2572085e+01
   9.2621333e+01
   9.2670485e+01
   9.2719349e+01
   9.2767157e+01
   9.2813429e+01
   9.2862293e+01
   9.2909333e+01
   9.2957141e+01
   9.3006581e+01
   9.3054101e+01
   9.3099797e+01
   9.3150293e+01
   9.3197621e+01
   9.3248117e+01
   9.3299285e+01
   9.3347861e+01
   9.3399125e+01
   9.3452021e+01
   9.3506837e+01
   9.3562421e+01
   9.3615893e+01
   9.3670325e+01
   9.3725045e+01
   9.3778805e+01
   9.3833525e+01
   9.3890741e+01
   9.3948341e+01
   9.4008341e+01
   9.4071509e+01
   9.4129877e+01
   9.4194869e+01
   9.4255061e+01
   9.4318517e+01
   9.4384949e+01
   9.4444085e+01
   9.4508597e+01
   9.4574645e+01
   9.4635701e+01
   9.4696949e+01
   9.4764437e+01
   9.4828949e+01
   9.4894901e+01
   9.4964021e+01
   9.5031317e+01
   9.5101973e+01
   9.5172245e+01
   9.5246933e+01
   9.5323925e+01
   9.5401973e+01
   9.5474069e+01
   9.5555765e+01
   9.5635445e+01
   9.5714741e+01
   9.5806805e+01
   9.5889749e+01
   9.5979029e+01
   9.6078197e+01
   9.6205493e+01
   9.9798293e+01
   9.9967925e+01
   1.0007525e+02
   1.0014831e+02
   1.0023221e+02
   1.0029365e+02
   1.0035097e+02
   1.0040530e+02
   1.0045685e+02
   1.0051052e+02
   1.0055842e+02
   1.0060460e+02
   1.0065231e+02
   1.0069791e+02
   1.0074725e+02
   1.0079823e+02
   1.0084729e+02
   1.0089605e+02
   1.0094415e+02
   1.0099868e+02
   1.0104946e+02
   1.0110169e+02
   1.0115967e+02
   1.0121132e+02
   1.0126719e+02
   1.0132393e+02
   1.0137634e+02
   1.0142981e+02
   1.0148521e+02
   1.0154012e+02
   1.0159839e+02
   1.0166165e+02
   1.0172482e+02
   1.0178713e+02
   1.0184895e+02
   1.0191308e+02
   1.0197740e+02
   1.0204133e+02
   1.0210325e+02
   1.0216978e+02
   1.0223189e+02
   1.0230092e+02
   1.0237455e+02
   1.0244645e+02
   1.0251903e+02
   1.0259295e+02
   1.0266514e+02
   1.0273849e+02
   1.0281913e+02
   1.0289813e+02
   1.0297609e+02
   1.0305490e+02
   1.0313487e+02
   1.0322588e+02
   1.0331295e+02
   1.0340722e+02
   1.0350821e+02
   1.0359183e+02
   1.0368495e+02
   1.0378316e+02
   1.0387877e+02
   1.0400770e+02
   1.0414940e+02
   1.0687479e+02
   1.0706535e+02
   1.0717537e+02
   1.0725783e+02
   1.0734538e+02
   1.0743793e+02
   1.0750186e+02
   1.0755437e+02
   1.0760391e+02
   1.0765105e+02
   1.0769828e+02
   1.0774705e+02
   1.0779821e+02
   1.0784708e+02
   1.0789373e+02
   1.0794327e+02
   1.0799031e+02
   1.0803956e+02
   1.0809101e+02
   1.0814084e+02
   1.0819412e+02
   1.0824337e+02
   1.0829473e+02
   1.0834925e+02
   1.0840369e+02
   1.0845610e+02
   1.0850919e+02
   1.0856737e+02
   1.0862516e+02
   1.0868084e+02
   1.0873517e+02
   1.0879114e+02
   1.0884922e+02
   1.0890884e+02
   1.0896644e+02
   1.0902615e+02
   1.0908673e+02
   1.0914941e+02
   1.0921421e+02
   1.0927181e+02
   1.0933489e+02
   1.0940132e+02
   1.0946996e+02
   1.0953553e+02
   1.0960378e+02
   1.0966906e+02
   1.0973569e+02
   1.0980135e+02
   1.0987009e+02
   1.0994410e+02
   1.1001591e+02
   1.1008657e+02
   1.1016586e+02
   1.1024045e+02
   1.1031284e+02
   1.1039069e+02
   1.1046922e+02
   1.1055044e+02
   1.1063127e+02
   1.1071162e+02
   1.1079985e+02
   1.1089853e+02
   1.1099108e+02
   1.1109697e+02
