   1.6989760e+01
   1.7145472e+01
   1.7274784e+01
   1.7370016e+01
   1.7438176e+01
   1.7510848e+01
   1.7568736e+01
   1.7619040e+01
   1.7668960e+01
   1.7723008e+01
   1.7779936e+01
   1.7830912e+01
   1.7876800e+01
   1.7926720e+01
   1.7976160e+01
   1.8027136e+01
   1.8074176e+01
   1.8124864e+01
   1.8177472e+01
   1.8229984e+01
   1.8282400e+01
   1.8340096e+01
   1.8388096e+01
   1.8442048e+01
   1.8495424e+01
   1.8549184e+01
   1.8601792e+01
   1.8659392e+01
   1.8716032e+01
   1.8772864e+01
   1.8832000e+01
   1.8892192e+01
   1.8949888e+01
   1.9012480e+01
   1.9071424e+01
   1.9133152e+01
   1.9196992e+01
   1.9262464e+01
   1.9330816e+01
   1.9396288e+01
   1.9462432e+01
   1.9528000e+01
   1.9596544e+01
   1.9660192e+01
   1.9729600e+01
   1.9804288e+01
   1.9875232e+01
   1.9944544e+01
   2.0021440e+01
   2.0105152e+01
   2.0180416e+01
   2.0261056e+01
   2.0342848e+01
   2.0423008e+01
   2.0502880e+01
   2.0582080e+01
   2.0660992e+01
   2.0743552e+01
   2.0831008e+01
   2.0910304e+01
   2.0989504e+01
   2.1080800e+01
   2.1168160e+01
   2.1254944e+01
   2.1349024e+01
   2.1477184e+01
   2.1642400e+01
   2.4966304e+01
   2.5128256e+01
   2.5261504e+01
   2.5359616e+01
   2.5427968e+01
   2.5490176e+01
   2.5550752e+01
   2.5600864e+01
   2.5650016e+01
   2.5701376e+01
   2.5751392e+01
   2.5797184e+01
   2.5844320e+01
   2.5890400e+01
   2.5940128e+01
   2.5988512e+01
   2.6037664e+01
   2.6088160e+01
   2.6135584e+01
   2.6184736e+01
   2.6236384e+01
   2.6289664e+01
   2.6341120e+01
   2.6391328e+01
   2.6443552e+01
   2.6497792e+01
   2.6548864e+01
   2.6601280e+01
   2.6660032e+01
   2.6718592e+01
   2.6776576e+01
   2.6834944e+01
   2.6892448e+01
   2.6948032e+01
   2.7007936e+01
   2.7067168e+01
   2.7130528e+01
   2.7195328e+01
   2.7259072e+01
   2.7322528e+01
   2.7383872e+01
   2.7445600e+01
   2.7509248e+01
   2.7572416e+01
   2.7638176e+01
   2.7703456e+01
   2.7768928e+01
   2.7839104e+01
   2.7910048e+01
   2.7983776e+01
   2.8058560e+01
   2.8136704e+01
   2.8211872e+01
   2.8287136e+01
   2.8369984e+01
   2.8456768e+01
   2.8542592e+01
   2.8627264e+01
   2.8710784e+01
   2.8806208e+01
   2.8892224e+01
   2.8981888e+01
   2.9068096e+01
   2.9164864e+01
   2.9306080e+01
   3.2838688e+01
   3.2994400e+01
   3.3115648e+01
   3.3227776e+01
   3.3322528e+01
   3.3374848e+01
   3.3428416e+01
   3.3479872e+01
   3.3529120e+01
   3.3576352e+01
   3.3628384e+01
   3.3675424e+01
   3.3723520e+01
   3.3768064e+01
   3.3815488e+01
   3.3865984e+01
   3.3914656e+01
   3.3964864e+01
   3.4017472e+01
   3.4068064e+01
   3.4116448e+01
   3.4169920e+01
   3.4220512e+01
   3.4271680e+01
   3.4324192e+01
   3.4377664e+01
   3.4432192e+01
   3.4484800e+01
   3.4539424e+01
   3.4595200e+01
   3.4656160e+01
   3.4714528e+01
   3.4776736e+01
   3.4835584e+01
   3.4895200e+01
   3.5014816e+01
   3.5073088e+01
   3.5132512e+01
   3.5194240e+01
   3.5257504e+01
   3.5320960e+01
   3.5385760e+01
   3.5451808e+01
   3.5525056e+01
   3.5597632e+01
   3.5667808e+01
   3.5738368e+01
   3.5811616e+01
   3.5880160e+01
   3.5948032e+01
   3.6018592e+01
   3.6094240e+01
   3.6167872e+01
   3.6240448e+01
   3.6315424e+01
   3.6394240e+01
   3.6475456e+01
   3.6561280e+01
   3.6646720e+01
   3.6732256e+01
   3.6814720e+01
   3.6898336e+01
   3.7001920e+01
   3.7124608e+01
   4.0524544e+01
   4.0695808e+01
   4.0798240e+01
   4.0876768e+01
   4.0949056e+01
   4.1001568e+01
   4.1058688e+01
   4.1109472e+01
   4.1158144e+01
   4.1205952e+01
   4.1252608e+01
   4.1302528e+01
   4.1350432e+01
   4.1399008e+01
   4.1450848e+01
   4.1495392e+01
   4.1549056e+01
   4.1601856e+01
   4.1651296e+01
   4.1701024e+01
   4.1747584e+01
   4.1799232e+01
   4.1903776e+01
   4.1957440e+01
   4.2010624e+01
   4.2063712e+01
   4.2120832e+01
   4.2176800e+01
   4.2232000e+01
   4.2287968e+01
   4.2343072e+01
   4.2404704e+01
   4.2462208e+01
   4.2520480e+01
   4.2582304e+01
   4.2641248e+01
   4.2700672e+01
   4.2760480e+01
   4.2820768e+01
   4.2882880e+01
   4.2947680e+01
   4.3007584e+01
   4.3071328e+01
   4.3132288e+01
   4.3202656e+01
   4.3264480e+01
   4.3329184e+01
   4.3397056e+01
   4.3465120e+01
   4.3533856e+01
   4.3608352e+01
   4.3673536e+01
   4.3747360e+01
   4.3825216e+01
   4.3901440e+01
   4.3973632e+01
   4.4050048e+01
   4.4124928e+01
   4.4204704e+01
   4.4282464e+01
   4.4359936e+01
   4.4443360e+01
   4.4528320e+01
   4.4622112e+01
   4.4723200e+01
   4.4824960e+01
   4.4936992e+01
   4.8365824e+01
   4.8492736e+01
   4.8599200e+01
   4.8719776e+01
   4.8782560e+01
   4.8837856e+01
   4.8892288e+01
   4.8942880e+01
   4.8992704e+01
   4.9046176e+01
   4.9096576e+01
   4.9144096e+01
   4.9199200e+01
   4.9246048e+01
   4.9294336e+01
   4.9342816e+01
   4.9394944e+01
   4.9446688e+01
   4.9500064e+01
   4.9548832e+01
   4.9604896e+01
   4.9662112e+01
   4.9714240e+01
   4.9773856e+01
   4.9827616e+01
   4.9883968e+01
   4.9943200e+01
   4.9999648e+01
   5.0052928e+01
   5.0111488e+01
   5.0172736e+01
   5.0233216e+01
   5.0287072e+01
   5.0350528e+01
   5.0411392e+01
   5.0473312e+01
   5.0535232e+01
   5.0597056e+01
   5.0659360e+01
   5.0725504e+01
   5.0787520e+01
   5.0854528e+01
   5.0921152e+01
   5.0986432e+01
   5.1054208e+01
   5.1123424e+01
   5.1187936e+01
   5.1254944e+01
   5.1325120e+01
   5.1406144e+01
   5.1482272e+01
   5.1560224e+01
   5.1639232e+01
   5.1725920e+01
   5.1805504e+01
   5.1888832e+01
   5.1968800e+01
   5.2053472e+01
   5.2131040e+01
   5.2216000e+01
   5.2298848e+01
   5.2389760e+01
   5.2475104e+01
   5.2580704e+01
   5.2771936e+01
   5.6129632e+01
   5.6325088e+01
   5.6448448e+01
   5.6535616e+01
   5.6616256e+01
   5.6703712e+01
   5.6767360e+01
   5.6822176e+01
   5.6871904e+01
   5.6924032e+01
   5.6971552e+01
   5.7021376e+01
   5.7072160e+01
   5.7121504e+01
   5.7172384e+01
   5.7223264e+01
   5.7272320e+01
   5.7325024e+01
   5.7377632e+01
   5.7428992e+01
   5.7481504e+01
   5.7534112e+01
   5.7585088e+01
   5.7691264e+01
   5.7745504e+01
   5.7801376e+01
   5.7915232e+01
   5.7972064e+01
   5.8030912e+01
   5.8091968e+01
   5.8151680e+01
   5.8213120e+01
   5.8277440e+01
   5.8338400e+01
   5.8395808e+01
   5.8460992e+01
   5.8521856e+01
   5.8584928e+01
   5.8648768e+01
   5.8717120e+01
   5.8780480e+01
   5.8851808e+01
   5.8925632e+01
   5.8994080e+01
   5.9064448e+01
   5.9134336e+01
   5.9204320e+01
   5.9276128e+01
   5.9349760e+01
   5.9421568e+01
   5.9499520e+01
   5.9575264e+01
   5.9650816e+01
   5.9729920e+01
   5.9816032e+01
   5.9902336e+01
   5.9988160e+01
   6.0069376e+01
   6.0163168e+01
   6.0249376e+01
   6.0345280e+01
   6.0437344e+01
   6.0530080e+01
   6.0640864e+01
   6.4039072e+01
   6.4224160e+01
   6.4357216e+01
   6.4434112e+01
   6.4516192e+01
   6.4579744e+01
   6.4653760e+01
   6.4708576e+01
   6.4760512e+01
   6.4811296e+01
   6.4858528e+01
   6.4909792e+01
   6.4958176e+01
   6.5004928e+01
   6.5054368e+01
   6.5102272e+01
   6.5199712e+01
   6.5299456e+01
   6.5349952e+01
   6.5401888e+01
   6.5454496e+01
   6.5506624e+01
   6.5555776e+01
   6.5610112e+01
   6.5660800e+01
   6.5716672e+01
   6.5830624e+01
   6.5888416e+01
   6.5943808e+01
   6.6003520e+01
   6.6061984e+01
   6.6121312e+01
   6.6184384e+01
   6.6308416e+01
   6.6367456e+01
   6.6427456e+01
   6.6488320e+01
   6.6553024e+01
   6.6616000e+01
   6.6685696e+01
   6.6753664e+01
   6.6817312e+01
   6.6882880e+01
   6.6949600e+01
   6.7015360e+01
   6.7082656e+01
   6.7155040e+01
   6.7231264e+01
   6.7298176e+01
   6.7369024e+01
   6.7439104e+01
   6.7510912e+01
   6.7586656e+01
   6.7663072e+01
   6.7741024e+01
   6.7825408e+01
   6.7904896e+01
   6.7990912e+01
   6.8077216e+01
   6.8161696e+01
   6.8247136e+01
   6.8336896e+01
   6.8432320e+01
   6.8529664e+01
   6.8645344e+01
   7.2129376e+01
   7.2284128e+01
   7.2416608e+01
   7.2522304e+01
   7.2591520e+01
   7.2654496e+01
   7.2707008e+01
   7.2765664e+01
   7.2816448e+01
   7.2868960e+01
   7.2917728e+01
   7.2967264e+01
   7.3016704e+01
   7.3062304e+01
   7.3112704e+01
   7.3162144e+01
   7.3208896e+01
   7.3308160e+01
   7.3358944e+01
   7.3463200e+01
   7.3513696e+01
   7.3568032e+01
   7.3622272e+01
   7.3675936e+01
   7.3729984e+01
   7.3786048e+01
   7.3842976e+01
   7.4070400e+01
   7.4128384e+01
   7.4249824e+01
   7.4368384e+01
   7.4429056e+01
   7.4494432e+01
   7.4558272e+01
   7.4622304e+01
   7.4685472e+01
   7.4816512e+01
   7.4886208e+01
   7.4952928e+01
   7.5021760e+01
   7.5096448e+01
   7.5175648e+01
   7.5249952e+01
   7.5320224e+01
   7.5401248e+01
   7.5480256e+01
   7.5561184e+01
   7.5647392e+01
   7.5724288e+01
   7.5810208e+01
   7.5893440e+01
   7.5981568e+01
   7.6070272e+01
   7.6163200e+01
   7.6254688e+01
   7.6343872e+01
   7.6466944e+01
   7.9819168e+01
   7.9984000e+01
   8.0085376e+01
   8.0164576e+01
   8.0231296e+01
   8.0380960e+01
   8.0427136e+01
   8.0475040e+01
   8.0522848e+01
   8.0571040e+01
   8.0621920e+01
   8.0673280e+01
   8.0721280e+01
   8.0771776e+01
   8.0820256e+01
   8.1020896e+01
   8.1073024e+01
   8.1122080e+01
   8.1178528e+01
   8.1334912e+01
   8.1394240e+01
   8.1504448e+01
   8.1559360e+01
   8.1790912e+01
   8.1847456e+01
   8.2094464e+01
   8.2158880e+01
   8.2286272e+01
   8.2353376e+01
   8.2419616e+01
   8.2484512e+01
   8.2549120e+01
   8.2618528e+01
   8.2687264e+01
   8.2760608e+01
   8.2828672e+01
   8.2903648e+01
   8.2975840e+01
   8.3205952e+01
   8.3286304e+01
   8.3368864e+01
   8.3454496e+01
   8.3537920e+01
   8.3627296e+01
   8.3720800e+01
   8.3812000e+01
   8.3909440e+01
   8.4000448e+01
   8.4093760e+01
   8.4199648e+01
   8.4333472e+01
   8.7620128e+01
   8.7816544e+01
   8.7934528e+01
   8.8020640e+01
   8.8097632e+01
   8.8183840e+01
   8.8242016e+01
   8.8292992e+01
   8.8343680e+01
   8.8392256e+01
   8.8441792e+01
   8.8489984e+01
   8.8586176e+01
   8.8634944e+01
   8.8682368e+01
   8.8731040e+01
   8.8835104e+01
   8.8885888e+01
   8.8937248e+01
   8.8989184e+01
   8.9042848e+01
   8.9097760e+01
   8.9148640e+01
   8.9202976e+01
   8.9263648e+01
   8.9318656e+01
   8.9373472e+01
   8.9429248e+01
   8.9543200e+01
   8.9604160e+01
   8.9666944e+01
   8.9726560e+01
   8.9788576e+01
   8.9847328e+01
   8.9906944e+01
   8.9969920e+01
   9.0093088e+01
   9.0159040e+01
   9.0223552e+01
   9.0288544e+01
   9.0357472e+01
   9.0421696e+01
   9.0488320e+01
   9.0554368e+01
   9.0624256e+01
   9.0691552e+01
   9.0761920e+01
   9.0832672e+01
   9.0906880e+01
   9.0979456e+01
   9.1059904e+01
   9.1136704e+01
   9.1218112e+01
   9.1299040e+01
   9.1382176e+01
   9.1466272e+01
   9.1554112e+01
   9.1639936e+01
   9.1724032e+01
   9.1814848e+01
   9.1904608e+01
   9.1997920e+01
   9.2097856e+01
   9.2225920e+01
   9.5633248e+01
   9.5781856e+01
   9.5891872e+01
   9.5982592e+01
   9.6051424e+01
   9.6112768e+01
   9.6175072e+01
   9.6226912e+01
   9.6281152e+01
   9.6333664e+01
   9.6382048e+01
   9.6427552e+01
   9.6471808e+01
   9.6518752e+01
   9.6567328e+01
   9.6618016e+01
   9.6668800e+01
   9.6717184e+01
   9.6817408e+01
   9.6865984e+01
   9.6919740e+01
   9.6968610e+01
   9.7020060e+01
   9.7072960e+01
   9.7127300e+01
   9.7236160e+01
   9.7298270e+01
   9.7359810e+01
   9.7419140e+01
   9.7530980e+01
   9.7588190e+01
   9.7647710e+01
   9.7707900e+01
   9.7773090e+01
   9.7838940e+01
   9.7901730e+01
   9.7965660e+01
   9.8036420e+01
   9.8103520e+01
   9.8169470e+01
   9.8238780e+01
   9.8303970e+01
   9.8370400e+01
   9.8438850e+01
   9.8507300e+01
   9.8577470e+01
   9.8717730e+01
   9.8795300e+01
   9.8869980e+01
   9.8944960e+01
   9.9021570e+01
   9.9099520e+01
   9.9185060e+01
   9.9260700e+01
   9.9339900e+01
   9.9426210e+01
   9.9516930e+01
   9.9611010e+01
   9.9701730e+01
   9.9796380e+01
   9.9886530e+01
   9.9987620e+01
   1.0010330e+02
   1.0366797e+02
   1.0382368e+02
   1.0395299e+02
   1.0404822e+02
   1.0411638e+02
   1.0418906e+02
   1.0424694e+02
   1.0429725e+02
   1.0434717e+02
   1.0440122e+02
   1.0445814e+02
   1.0450912e+02
   1.0455501e+02
   1.0460493e+02
   1.0465437e+02
   1.0470534e+02
   1.0475238e+02
   1.0480307e+02
   1.0485568e+02
   1.0490819e+02
   1.0496061e+02
   1.0501830e+02
   1.0506630e+02
   1.0512026e+02
   1.0517363e+02
   1.0522739e+02
   1.0528000e+02
   1.0533760e+02
   1.0539424e+02
   1.0545107e+02
   1.0551021e+02
   1.0557040e+02
   1.0562810e+02
   1.0569069e+02
   1.0574963e+02
   1.0581136e+02
   1.0587520e+02
   1.0594067e+02
   1.0600902e+02
   1.0607450e+02
   1.0614064e+02
   1.0620621e+02
   1.0627475e+02
   1.0633840e+02
   1.0640781e+02
   1.0648250e+02
   1.0655344e+02
   1.0662275e+02
   1.0669965e+02
   1.0678336e+02
   1.0685862e+02
   1.0693926e+02
   1.0702106e+02
   1.0710122e+02
   1.0718109e+02
   1.0726029e+02
   1.0733920e+02
   1.0742176e+02
   1.0750922e+02
   1.0758851e+02
   1.0766771e+02
   1.0775901e+02
   1.0784637e+02
   1.0793315e+02
   1.0802723e+02
   1.0815539e+02
   1.0832061e+02
