   1.6234528e+01
   1.6396192e+01
   1.6508224e+01
   1.6611808e+01
   1.6683712e+01
   1.6755616e+01
   1.6818688e+01
   1.6884544e+01
   1.6941664e+01
   1.6994752e+01
   1.7052064e+01
   1.7108128e+01
   1.7163712e+01
   1.7217472e+01
   1.7268352e+01
   1.7324704e+01
   1.7385184e+01
   1.7447200e+01
   1.7506336e+01
   1.7565184e+01
   1.7629888e+01
   1.7692672e+01
   1.7754208e+01
   1.7817472e+01
   1.7879200e+01
   1.7945248e+01
   1.8009184e+01
   1.8076384e+01
   1.8143008e+01
   1.8207712e+01
   1.8280000e+01
   1.8359296e+01
   1.8440416e+01
   1.8511648e+01
   1.8584608e+01
   1.8662464e+01
   1.8739840e+01
   1.8816928e+01
   1.8897184e+01
   1.8978016e+01
   1.9057600e+01
   1.9149376e+01
   1.9237984e+01
   1.9333312e+01
   1.9421824e+01
   1.9518688e+01
   1.9611616e+01
   1.9705984e+01
   1.9798624e+01
   1.9890592e+01
   1.9992160e+01
   2.0102656e+01
   2.0241088e+01
   2.0352064e+01
   2.0542048e+01
   2.4029728e+01
   2.4179680e+01
   2.4290752e+01
   2.4389536e+01
   2.4459232e+01
   2.4529792e+01
   2.4597472e+01
   2.4661888e+01
   2.4715168e+01
   2.4770176e+01
   2.4824032e+01
   2.4880384e+01
   2.4934816e+01
   2.4990400e+01
   2.5044832e+01
   2.5099264e+01
   2.5156288e+01
   2.5215520e+01
   2.5270048e+01
   2.5321984e+01
   2.5382080e+01
   2.5443232e+01
   2.5504960e+01
   2.5563904e+01
   2.5626784e+01
   2.5689856e+01
   2.5752640e+01
   2.5816384e+01
   2.5883488e+01
   2.5950016e+01
   2.6014336e+01
   2.6086528e+01
   2.6155168e+01
   2.6221504e+01
   2.6291680e+01
   2.6361568e+01
   2.6435200e+01
   2.6508544e+01
   2.6580448e+01
   2.6655424e+01
   2.6737408e+01
   2.6813536e+01
   2.6886496e+01
   2.6968288e+01
   2.7049888e+01
   2.7132160e+01
   2.7211744e+01
   2.7296992e+01
   2.7388864e+01
   2.7477184e+01
   2.7562816e+01
   2.7659968e+01
   2.7753184e+01
   2.7843136e+01
   2.7954688e+01
   2.8058944e+01
   2.8185760e+01
   2.8337344e+01
   3.1742272e+01
   3.1923808e+01
   3.2027008e+01
   3.2121952e+01
   3.2194528e+01
   3.2273344e+01
   3.2330080e+01
   3.2393920e+01
   3.2453632e+01
   3.2503552e+01
   3.2555392e+01
   3.2609536e+01
   3.2661952e+01
   3.2718208e+01
   3.2777056e+01
   3.2833216e+01
   3.2890240e+01
   3.2944864e+01
   3.3001216e+01
   3.3060352e+01
   3.3115456e+01
   3.3171520e+01
   3.3235744e+01
   3.3290656e+01
   3.3353920e+01
   3.3415840e+01
   3.3478912e+01
   3.3542368e+01
   3.3608704e+01
   3.3674464e+01
   3.3735328e+01
   3.3804544e+01
   3.3872224e+01
   3.3942304e+01
   3.4010560e+01
   3.4084672e+01
   3.4153984e+01
   3.4226368e+01
   3.4297984e+01
   3.4374592e+01
   3.4449088e+01
   3.4525696e+01
   3.4606816e+01
   3.4686400e+01
   3.4764640e+01
   3.4845184e+01
   3.4925056e+01
   3.5006368e+01
   3.5088832e+01
   3.5183296e+01
   3.5274304e+01
   3.5364640e+01
   3.5456608e+01
   3.5552608e+01
   3.5653600e+01
   3.5760256e+01
   3.5886496e+01
   3.6013504e+01
   3.6167104e+01
   3.9488800e+01
   3.9677536e+01
   3.9798016e+01
   3.9907360e+01
   3.9973600e+01
   4.0038400e+01
   4.0129408e+01
   4.0200256e+01
   4.0256608e+01
   4.0313248e+01
   4.0364608e+01
   4.0423552e+01
   4.0481344e+01
   4.0542112e+01
   4.0605856e+01
   4.0665376e+01
   4.0723264e+01
   4.0779616e+01
   4.0839520e+01
   4.0900864e+01
   4.0965472e+01
   4.1027488e+01
   4.1087968e+01
   4.1148256e+01
   4.1208544e+01
   4.1273920e+01
   4.1343808e+01
   4.1409280e+01
   4.1476672e+01
   4.1548672e+01
   4.1617792e+01
   4.1687392e+01
   4.1757376e+01
   4.1828128e+01
   4.1902912e+01
   4.1976928e+01
   4.2051712e+01
   4.2127360e+01
   4.2204352e+01
   4.2280000e+01
   4.2365344e+01
   4.2446944e+01
   4.2529888e+01
   4.2619840e+01
   4.2705088e+01
   4.2790528e+01
   4.2879328e+01
   4.2967360e+01
   4.3055776e+01
   4.3143424e+01
   4.3233856e+01
   4.3332064e+01
   4.3433824e+01
   4.3528576e+01
   4.3623232e+01
   4.3727584e+01
   4.3860352e+01
   4.4001376e+01
   4.7454016e+01
   4.7609248e+01
   4.7695552e+01
   4.7796064e+01
   4.7900896e+01
   4.7964928e+01
   4.8023680e+01
   4.8077824e+01
   4.8131968e+01
   4.8187648e+01
   4.8240928e+01
   4.8294208e+01
   4.8347584e+01
   4.8403936e+01
   4.8457024e+01
   4.8512896e+01
   4.8568000e+01
   4.8625696e+01
   4.8684640e+01
   4.8741088e+01
   4.8801472e+01
   4.8863008e+01
   4.8925792e+01
   4.8987136e+01
   4.9049728e+01
   4.9110688e+01
   4.9177216e+01
   4.9245184e+01
   4.9314112e+01
   4.9382560e+01
   4.9448896e+01
   4.9517632e+01
   4.9592608e+01
   4.9665088e+01
   4.9738912e+01
   4.9816192e+01
   4.9884640e+01
   4.9964704e+01
   5.0042752e+01
   5.0119552e+01
   5.0193952e+01
   5.0281600e+01
   5.0359360e+01
   5.0443264e+01
   5.0526976e+01
   5.0612512e+01
   5.0699104e+01
   5.0790400e+01
   5.0890144e+01
   5.0985952e+01
   5.1079840e+01
   5.1179680e+01
   5.1284128e+01
   5.1385984e+01
   5.1510400e+01
   5.1676096e+01
   5.5263136e+01
   5.5500256e+01
   5.5604128e+01
   5.5698592e+01
   5.5772512e+01
   5.5843840e+01
   5.5904128e+01
   5.5971808e+01
   5.6028544e+01
   5.6084704e+01
   5.6136640e+01
   5.6190208e+01
   5.6244448e+01
   5.6306848e+01
   5.6362144e+01
   5.6418592e+01
   5.6480224e+01
   5.6535232e+01
   5.6591488e+01
   5.6653888e+01
   5.6713024e+01
   5.6772352e+01
   5.6834272e+01
   5.6891584e+01
   5.6952256e+01
   5.7010528e+01
   5.7076000e+01
   5.7141088e+01
   5.7212608e+01
   5.7280672e+01
   5.7349504e+01
   5.7416896e+01
   5.7483520e+01
   5.7552832e+01
   5.7623488e+01
   5.7699616e+01
   5.7769696e+01
   5.7842560e+01
   5.7918496e+01
   5.8000384e+01
   5.8081504e+01
   5.8155136e+01
   5.8235488e+01
   5.8317568e+01
   5.8396768e+01
   5.8479712e+01
   5.8565728e+01
   5.8651072e+01
   5.8742944e+01
   5.8831648e+01
   5.8925056e+01
   5.9015872e+01
   5.9115424e+01
   5.9229376e+01
   5.9323936e+01
   5.9450656e+01
   5.9583808e+01
   6.3301312e+01
   6.3443968e+01
   6.3555616e+01
   6.3656608e+01
   6.3729760e+01
   6.3796864e+01
   6.3857632e+01
   6.3911584e+01
   6.3964576e+01
   6.4017472e+01
   6.4067392e+01
   6.4120192e+01
   6.4173856e+01
   6.4230304e+01
   6.4287712e+01
   6.4340800e+01
   6.4396960e+01
   6.4449280e+01
   6.4503808e+01
   6.4565920e+01
   6.4628992e+01
   6.4684480e+01
   6.4742080e+01
   6.4799296e+01
   6.4862368e+01
   6.4925536e+01
   6.4989472e+01
   6.5056864e+01
   6.5123968e+01
   6.5190976e+01
   6.5262112e+01
   6.5325088e+01
   6.5391136e+01
   6.5458624e+01
   6.5531488e+01
   6.5597632e+01
   6.5670304e+01
   6.5742304e+01
   6.5823904e+01
   6.5905312e+01
   6.5983552e+01
   6.6056128e+01
   6.6137056e+01
   6.6214816e+01
   6.6305344e+01
   6.6388384e+01
   6.6478624e+01
   6.6565408e+01
   6.6652864e+01
   6.6742432e+01
   6.6831712e+01
   6.6929824e+01
   6.7014592e+01
   6.7119040e+01
   6.7218304e+01
   6.7315648e+01
   6.7431712e+01
   6.7527040e+01
   6.7663360e+01
   6.7900096e+01
   7.1428768e+01
   7.1606656e+01
   7.1706592e+01
   7.1812960e+01
   7.1885056e+01
   7.1952160e+01
   7.2052864e+01
   7.2103936e+01
   7.2162688e+01
   7.2217504e+01
   7.2278464e+01
   7.2332512e+01
   7.2388768e+01
   7.2447424e+01
   7.2500416e+01
   7.2559072e+01
   7.2613888e+01
   7.2667936e+01
   7.2727456e+01
   7.2789856e+01
   7.2848512e+01
   7.2913024e+01
   7.2970048e+01
   7.3028800e+01
   7.3093216e+01
   7.3157920e+01
   7.3224256e+01
   7.3289056e+01
   7.3355488e+01
   7.3425856e+01
   7.3497280e+01
   7.3567648e+01
   7.3633408e+01
   7.3699648e+01
   7.3769152e+01
   7.3847392e+01
   7.3924672e+01
   7.4005120e+01
   7.4086432e+01
   7.4164768e+01
   7.4249248e+01
   7.4329600e+01
   7.4419648e+01
   7.4511040e+01
   7.4598304e+01
   7.4688064e+01
   7.4776288e+01
   7.4879008e+01
   7.4977120e+01
   7.5080320e+01
   7.5179872e+01
   7.5296128e+01
   7.5433024e+01
   7.5583168e+01
   7.8962368e+01
   7.9151872e+01
   7.9286080e+01
   7.9396768e+01
   7.9469344e+01
   7.9540864e+01
   7.9609792e+01
   7.9709536e+01
   7.9763872e+01
   7.9817824e+01
   7.9874272e+01
   7.9930336e+01
   7.9991104e+01
   8.0050816e+01
   8.0103424e+01
   8.0159200e+01
   8.0216224e+01
   8.0276032e+01
   8.0335648e+01
   8.0392384e+01
   8.0453248e+01
   8.0512864e+01
   8.0580064e+01
   8.0641216e+01
   8.0703520e+01
   8.0766976e+01
   8.0839840e+01
   8.0907808e+01
   8.0976640e+01
   8.1045472e+01
   8.1116416e+01
   8.1187552e+01
   8.1260800e+01
   8.1336352e+01
   8.1411712e+01
   8.1489664e+01
   8.1567328e+01
   8.1648544e+01
   8.1731968e+01
   8.1813856e+01
   8.1897952e+01
   8.1986752e+01
   8.2069984e+01
   8.2154848e+01
   8.2239712e+01
   8.2323712e+01
   8.2412704e+01
   8.2504768e+01
   8.2598848e+01
   8.2695136e+01
   8.2798528e+01
   8.2903936e+01
   8.3005408e+01
   8.3135392e+01
   8.3257504e+01
   8.3408512e+01
   8.6766496e+01
   8.6949376e+01
   8.7052864e+01
   8.7170272e+01
   8.7252064e+01
   8.7338368e+01
   8.7399328e+01
   8.7471520e+01
   8.7527680e+01
   8.7586432e+01
   8.7639520e+01
   8.7699040e+01
   8.7758272e+01
   8.7817504e+01
   8.7870016e+01
   8.7925984e+01
   8.7984544e+01
   8.8040896e+01
   8.8103008e+01
   8.8166272e+01
   8.8229056e+01
   8.8283200e+01
   8.8339936e+01
   8.8412032e+01
   8.8483456e+01
   8.8550272e+01
   8.8614112e+01
   8.8675360e+01
   8.8745440e+01
   8.8811104e+01
   8.8882048e+01
   8.8953184e+01
   8.9022784e+01
   8.9092864e+01
   8.9160064e+01
   8.9238880e+01
   8.9315968e+01
   8.9387968e+01
   8.9472928e+01
   8.9545408e+01
   8.9620672e+01
   8.9694592e+01
   8.9784352e+01
   8.9867296e+01
   8.9948800e+01
   9.0039232e+01
   9.0127456e+01
   9.0205120e+01
   9.0294400e+01
   9.0384928e+01
   9.0483040e+01
   9.0577696e+01
   9.0682816e+01
   9.0791872e+01
   9.0900160e+01
   9.1007104e+01
   9.1121824e+01
   9.1266304e+01
   9.1457632e+01
   9.4887136e+01
   9.5028832e+01
   9.5121088e+01
   9.5211136e+01
   9.5319904e+01
   9.5378656e+01
   9.5476864e+01
   9.5533504e+01
   9.5587936e+01
   9.5640160e+01
   9.5697952e+01
   9.5752192e+01
   9.5812000e+01
   9.5868736e+01
   9.5932480e+01
   9.5989024e+01
   9.6044800e+01
   9.6104608e+01
   9.6163840e+01
   9.6224032e+01
   9.6286720e+01
   9.6351808e+01
   9.6418816e+01
   9.6488416e+01
   9.6550336e+01
   9.6615424e+01
   9.6681568e+01
   9.6747136e+01
   9.6818560e+01
   9.6886528e+01
   9.6956990e+01
   9.7026780e+01
   9.7107420e+01
   9.7173180e+01
   9.7244320e+01
   9.7325250e+01
   9.7396380e+01
   9.7480480e+01
   9.7554300e+01
   9.7638590e+01
   9.7718460e+01
   9.7797090e+01
   9.7879070e+01
   9.7960380e+01
   9.8042180e+01
   9.8127810e+01
   9.8219390e+01
   9.8319520e+01
   9.8411780e+01
   9.8502690e+01
   9.8606940e+01
   9.8714850e+01
   9.8824000e+01
   9.8958110e+01
   9.9073700e+01
   9.9218080e+01
   1.0291274e+02
   1.0307440e+02
   1.0318643e+02
   1.0329002e+02
   1.0336192e+02
   1.0343382e+02
   1.0349690e+02
   1.0356275e+02
   1.0361987e+02
   1.0367296e+02
   1.0373027e+02
   1.0378634e+02
   1.0384192e+02
   1.0389568e+02
   1.0394656e+02
   1.0400291e+02
   1.0406339e+02
   1.0412541e+02
   1.0418454e+02
   1.0424339e+02
   1.0430810e+02
   1.0437088e+02
   1.0443242e+02
   1.0449568e+02
   1.0455741e+02
   1.0462346e+02
   1.0468739e+02
   1.0475459e+02
   1.0482122e+02
   1.0488592e+02
   1.0495821e+02
   1.0503750e+02
   1.0511862e+02
   1.0518986e+02
   1.0526282e+02
   1.0534067e+02
   1.0541805e+02
   1.0549514e+02
   1.0557539e+02
   1.0565622e+02
   1.0573581e+02
   1.0582758e+02
   1.0591619e+02
   1.0601152e+02
   1.0610003e+02
   1.0619690e+02
   1.0628982e+02
   1.0638419e+02
   1.0647683e+02
   1.0656880e+02
   1.0667037e+02
   1.0678086e+02
   1.0691930e+02
   1.0703027e+02
   1.0722026e+02
