   2.0185308e+01
   2.0349084e+01
   2.0492028e+01
   2.0584572e+01
   2.0653980e+01
   2.0731932e+01
   2.0795388e+01
   2.0863164e+01
   2.0925948e+01
   2.0982780e+01
   2.1035004e+01
   2.1090396e+01
   2.1145500e+01
   2.1198876e+01
   2.1261084e+01
   2.1319452e+01
   2.1380028e+01
   2.1443964e+01
   2.1504636e+01
   2.1563292e+01
   2.1624732e+01
   2.1682908e+01
   2.1748572e+01
   2.1809148e+01
   2.1875100e+01
   2.1938940e+01
   2.2006716e+01
   2.2074972e+01
   2.2148604e+01
   2.2216284e+01
   2.2286268e+01
   2.2357596e+01
   2.2427580e+01
   2.2502748e+01
   2.2579452e+01
   2.2662684e+01
   2.2744476e+01
   2.2822044e+01
   2.2904316e+01
   2.2982940e+01
   2.3068476e+01
   2.3159580e+01
   2.3246844e+01
   2.3335068e+01
   2.3419068e+01
   2.3510172e+01
   2.3606172e+01
   2.3696700e+01
   2.3796156e+01
   2.3894076e+01
   2.3992188e+01
   2.4106524e+01
   2.4216252e+01
   2.4337692e+01
   2.4486972e+01
   2.8037761e+01
   2.8215169e+01
   2.8339777e+01
   2.8418401e+01
   2.8497697e+01
   2.8564993e+01
   2.8635937e+01
   2.8695649e+01
   2.8747585e+01
   2.8862689e+01
   2.8915393e+01
   2.8971553e+01
   2.9026465e+01
   2.9085985e+01
   2.9135425e+01
   2.9192833e+01
   2.9251201e+01
   2.9313793e+01
   2.9371009e+01
   2.9427553e+01
   2.9488801e+01
   2.9548129e+01
   2.9618689e+01
   2.9679361e+01
   2.9740321e+01
   2.9802529e+01
   2.9873185e+01
   2.9941441e+01
   3.0014689e+01
   3.0087649e+01
   3.0161473e+01
   3.0230689e+01
   3.0303457e+01
   3.0378721e+01
   3.0460993e+01
   3.0542977e+01
   3.0623713e+01
   3.0705697e+01
   3.0784129e+01
   3.0867265e+01
   3.0955489e+01
   3.1034017e+01
   3.1116865e+01
   3.1199809e+01
   3.1284385e+01
   3.1382017e+01
   3.1472065e+01
   3.1565569e+01
   3.1661953e+01
   3.1771489e+01
   3.1882081e+01
   3.1999777e+01
   3.2176033e+01
   3.5796494e+01
   3.5966414e+01
   3.6051086e+01
   3.6127886e+01
   3.6204590e+01
   3.6267758e+01
   3.6332174e+01
   3.6390926e+01
   3.6444302e+01
   3.6507278e+01
   3.6564110e+01
   3.6619406e+01
   3.6678254e+01
   3.6732014e+01
   3.6793646e+01
   3.6844430e+01
   3.6899918e+01
   3.6960782e+01
   3.7022318e+01
   3.7084430e+01
   3.7152686e+01
   3.7210382e+01
   3.7272974e+01
   3.7340270e+01
   3.7403918e+01
   3.7475342e+01
   3.7536206e+01
   3.7607918e+01
   3.7671950e+01
   3.7737710e+01
   3.7815854e+01
   3.7890062e+01
   3.7957358e+01
   3.8031182e+01
   3.8102126e+01
   3.8173262e+01
   3.8246222e+01
   3.8324366e+01
   3.8408462e+01
   3.8487470e+01
   3.8562254e+01
   3.8644718e+01
   3.8730350e+01
   3.8817230e+01
   3.8903630e+01
   3.8989934e+01
   3.9070862e+01
   3.9161102e+01
   3.9254126e+01
   3.9343022e+01
   3.9435854e+01
   3.9541742e+01
   3.9651278e+01
   3.9754190e+01
   3.9880430e+01
   3.9990158e+01
   4.0157966e+01
   4.3569766e+01
   4.3788166e+01
   4.3933702e+01
   4.4004166e+01
   4.4072710e+01
   4.4148166e+01
   4.4209702e+01
   4.4268646e+01
   4.4327494e+01
   4.4389606e+01
   4.4444806e+01
   4.4506630e+01
   4.4566918e+01
   4.4624422e+01
   4.4687398e+01
   4.4743078e+01
   4.4809126e+01
   4.4875750e+01
   4.4936806e+01
   4.5001798e+01
   4.5065830e+01
   4.5131206e+01
   4.5196102e+01
   4.5262918e+01
   4.5332806e+01
   4.5405862e+01
   4.5473830e+01
   4.5544966e+01
   4.5609862e+01
   4.5680902e+01
   4.5756070e+01
   4.5827494e+01
   4.5901510e+01
   4.5975334e+01
   4.6051366e+01
   4.6129414e+01
   4.6208038e+01
   4.6289062e+01
   4.6367206e+01
   4.6451206e+01
   4.6530406e+01
   4.6623526e+01
   4.6724422e+01
   4.6813318e+01
   4.6911238e+01
   4.7009254e+01
   4.7108326e+01
   4.7210758e+01
   4.7314342e+01
   4.7422342e+01
   4.7540422e+01
   4.7649958e+01
   4.7785414e+01
   5.1378002e+01
   5.1583058e+01
   5.1722546e+01
   5.1818834e+01
   5.1896018e+01
   5.1960914e+01
   5.2021970e+01
   5.2087346e+01
   5.2147346e+01
   5.2207826e+01
   5.2270418e+01
   5.2328114e+01
   5.2391282e+01
   5.2445522e+01
   5.2502642e+01
   5.2567826e+01
   5.2627538e+01
   5.2683986e+01
   5.2741394e+01
   5.2801586e+01
   5.2865042e+01
   5.2925810e+01
   5.2985522e+01
   5.3049362e+01
   5.3113394e+01
   5.3188658e+01
   5.3262962e+01
   5.3325458e+01
   5.3400722e+01
   5.3472626e+01
   5.3542130e+01
   5.3615474e+01
   5.3686226e+01
   5.3758226e+01
   5.3831858e+01
   5.3912498e+01
   5.3987474e+01
   5.4067634e+01
   5.4143186e+01
   5.4223346e+01
   5.4303698e+01
   5.4380978e+01
   5.4470258e+01
   5.4556466e+01
   5.4654290e+01
   5.4745874e+01
   5.4841202e+01
   5.4939314e+01
   5.5041074e+01
   5.5153394e+01
   5.5266194e+01
   5.5371794e+01
   5.5488530e+01
   5.5618322e+01
   5.5777586e+01
   5.9477155e+01
   5.9624515e+01
   5.9715139e+01
   5.9798371e+01
   5.9874499e+01
   6.0001987e+01
   6.0060547e+01
   6.0121507e+01
   6.0179779e+01
   6.0233923e+01
   6.0293251e+01
   6.0354307e+01
   6.0410851e+01
   6.0467107e+01
   6.0526051e+01
   6.0588547e+01
   6.0652771e+01
   6.0709891e+01
   6.0778627e+01
   6.0838723e+01
   6.0898339e+01
   6.0962275e+01
   6.1024387e+01
   6.1092163e+01
   6.1160995e+01
   6.1231075e+01
   6.1299715e+01
   6.1367203e+01
   6.1437859e+01
   6.1510819e+01
   6.1583011e+01
   6.1661347e+01
   6.1739875e+01
   6.1819459e+01
   6.1898947e+01
   6.1986691e+01
   6.2071267e+01
   6.2152003e+01
   6.2237635e+01
   6.2327203e+01
   6.2413027e+01
   6.2502307e+01
   6.2586691e+01
   6.2676739e+01
   6.2764003e+01
   6.2857219e+01
   6.2951779e+01
   6.3049891e+01
   6.3151363e+01
   6.3270115e+01
   6.3379843e+01
   6.3519715e+01
   6.3716803e+01
   6.7494253e+01
   6.7653997e+01
   6.7739149e+01
   6.7827757e+01
   6.7898317e+01
   6.7961197e+01
   6.8021965e+01
   6.8081197e+01
   6.8137741e+01
   6.8193901e+01
   6.8247949e+01
   6.8304685e+01
   6.8362669e+01
   6.8419693e+01
   6.8478925e+01
   6.8538445e+01
   6.8591917e+01
   6.8649613e+01
   6.8713741e+01
   6.8769517e+01
   6.8831341e+01
   6.8891245e+01
   6.8951533e+01
   6.9016141e+01
   6.9082957e+01
   6.9153325e+01
   6.9216973e+01
   6.9288109e+01
   6.9355693e+01
   6.9426829e+01
   6.9491917e+01
   6.9563053e+01
   6.9633901e+01
   6.9704557e+01
   6.9773677e+01
   6.9846541e+01
   6.9921613e+01
   7.0001581e+01
   7.0077229e+01
   7.0164013e+01
   7.0241773e+01
   7.0330765e+01
   7.0411885e+01
   7.0500685e+01
   7.0590637e+01
   7.0681261e+01
   7.0784845e+01
   7.0872109e+01
   7.0972429e+01
   7.1066221e+01
   7.1168941e+01
   7.1268781e+01
   7.1376205e+01
   7.1499469e+01
   7.1627437e+01
   7.1806765e+01
   7.5241128e+01
   7.5426888e+01
   7.5556488e+01
   7.5648360e+01
   7.5738504e+01
   7.5802248e+01
   7.5860328e+01
   7.5921384e+01
   7.5978120e+01
   7.6035912e+01
   7.6098408e+01
   7.6156680e+01
   7.6211784e+01
   7.6273800e+01
   7.6331112e+01
   7.6392072e+01
   7.6452840e+01
   7.6508232e+01
   7.6568232e+01
   7.6627560e+01
   7.6688424e+01
   7.6751400e+01
   7.6812936e+01
   7.6873320e+01
   7.6940424e+01
   7.7005608e+01
   7.7065992e+01
   7.7142888e+01
   7.7209704e+01
   7.7275176e+01
   7.7341800e+01
   7.7407656e+01
   7.7476104e+01
   7.7550024e+01
   7.7618568e+01
   7.7700168e+01
   7.7775144e+01
   7.7856264e+01
   7.7936808e+01
   7.8017064e+01
   7.8097224e+01
   7.8181608e+01
   7.8263592e+01
   7.8343944e+01
   7.8433224e+01
   7.8528360e+01
   7.8617352e+01
   7.8713832e+01
   7.8803112e+01
   7.8904008e+01
   7.8997224e+01
   7.9095144e+01
   7.9199880e+01
   7.9311048e+01
   7.9443048e+01
   7.9599624e+01
   8.3026329e+01
   8.3193561e+01
   8.3300985e+01
   8.3404665e+01
   8.3503353e+01
   8.3570649e+01
   8.3634585e+01
   8.3696889e+01
   8.3756313e+01
   8.3809785e+01
   8.3862009e+01
   8.3920281e+01
   8.3979609e+01
   8.4035289e+01
   8.4091833e+01
   8.4151737e+01
   8.4205305e+01
   8.4261945e+01
   8.4320409e+01
   8.4380121e+01
   8.4440697e+01
   8.4503577e+01
   8.4563385e+01
   8.4629721e+01
   8.4695385e+01
   8.4757785e+01
   8.4822105e+01
   8.4883065e+01
   8.4955353e+01
   8.5023033e+01
   8.5091289e+01
   8.5158585e+01
   8.5226745e+01
   8.5296921e+01
   8.5373241e+01
   8.5446873e+01
   8.5523001e+01
   8.5603161e+01
   8.5683609e+01
   8.5770201e+01
   8.5850745e+01
   8.5933689e+01
   8.6022201e+01
   8.6108025e+01
   8.6199417e+01
   8.6287545e+01
   8.6378745e+01
   8.6469945e+01
   8.6564985e+01
   8.6663769e+01
   8.6762745e+01
   8.6860473e+01
   8.6968665e+01
   8.7067929e+01
   8.7178713e+01
   8.7282969e+01
   8.7424377e+01
   9.0960725e+01
   9.1107701e+01
   9.1240757e+01
   9.1336853e+01
   9.1424981e+01
   9.1493237e+01
   9.1552757e+01
   9.1608245e+01
   9.1663637e+01
   9.1718741e+01
   9.1778165e+01
   9.1833749e+01
   9.1892117e+01
   9.1954997e+01
   9.2011829e+01
   9.2070485e+01
   9.2128565e+01
   9.2189813e+01
   9.2248373e+01
   9.2311733e+01
   9.2374517e+01
   9.2442197e+01
   9.2505365e+01
   9.2571893e+01
   9.2638325e+01
   9.2708501e+01
   9.2775317e+01
   9.2843765e+01
   9.2909621e+01
   9.2985749e+01
   9.3056405e+01
   9.3127061e+01
   9.3205205e+01
   9.3281237e+01
   9.3357749e+01
   9.3433205e+01
   9.3510677e+01
   9.3592373e+01
   9.3670805e+01
   9.3749909e+01
   9.3829877e+01
   9.3913781e+01
   9.4005749e+01
   9.4104917e+01
   9.4189685e+01
   9.4280117e+01
   9.4367957e+01
   9.4462421e+01
   9.4556501e+01
   9.4659125e+01
   9.4756949e+01
   9.4857077e+01
   9.4955957e+01
   9.5062517e+01
   9.5193173e+01
   9.5357045e+01
   9.8979509e+01
   9.9172469e+01
   9.9295829e+01
   9.9379157e+01
   9.9464981e+01
   9.9527669e+01
   9.9588053e+01
   9.9660629e+01
   9.9716597e+01
   9.9774293e+01
   9.9831221e+01
   9.9886421e+01
   9.9944501e+01
   9.9998453e+01
   1.0005269e+02
   1.0010261e+02
   1.0015781e+02
   1.0021474e+02
   1.0027359e+02
   1.0033426e+02
   1.0039369e+02
   1.0045599e+02
   1.0051877e+02
   1.0058060e+02
   1.0064818e+02
   1.0071241e+02
   1.0077855e+02
   1.0084844e+02
   1.0091650e+02
   1.0098553e+02
   1.0105157e+02
   1.0111253e+02
   1.0118492e+02
   1.0125481e+02
   1.0132421e+02
   1.0139929e+02
   1.0147705e+02
   1.0154895e+02
   1.0162412e+02
   1.0170898e+02
   1.0179116e+02
   1.0187660e+02
   1.0196079e+02
   1.0204709e+02
   1.0213330e+02
   1.0222412e+02
   1.0231013e+02
   1.0240604e+02
   1.0250924e+02
   1.0261244e+02
   1.0271765e+02
   1.0283631e+02
   1.0296188e+02
   1.0308975e+02
   1.0327234e+02
   1.0693052e+02
   1.0709429e+02
   1.0723724e+02
   1.0732978e+02
   1.0739919e+02
   1.0747714e+02
   1.0754060e+02
   1.0760837e+02
   1.0767116e+02
   1.0772799e+02
   1.0778021e+02
   1.0783561e+02
   1.0789071e+02
   1.0794409e+02
   1.0800629e+02
   1.0806466e+02
   1.0812524e+02
   1.0818917e+02
   1.0824985e+02
   1.0830850e+02
   1.0836994e+02
   1.0842812e+02
   1.0849378e+02
   1.0855436e+02
   1.0862031e+02
   1.0868415e+02
   1.0875193e+02
   1.0882018e+02
   1.0889381e+02
   1.0896149e+02
   1.0903148e+02
   1.0910281e+02
   1.0917279e+02
   1.0924796e+02
   1.0932466e+02
   1.0940789e+02
   1.0948969e+02
   1.0956725e+02
   1.0964953e+02
   1.0972815e+02
   1.0981369e+02
   1.0990479e+02
   1.0999205e+02
   1.1008028e+02
   1.1016428e+02
   1.1025538e+02
   1.1035138e+02
   1.1044191e+02
   1.1054137e+02
   1.1063929e+02
   1.1073740e+02
   1.1085173e+02
   1.1096146e+02
   1.1108290e+02
   1.1123218e+02
