   1.5143872e+01
   1.5278176e+01
   1.5390592e+01
   1.5514816e+01
   1.5589120e+01
   1.5666976e+01
   1.5739264e+01
   1.5803104e+01
   1.5868480e+01
   1.5931072e+01
   1.6018816e+01
   1.6078240e+01
   1.6137664e+01
   1.6202656e+01
   1.6260064e+01
   1.6325248e+01
   1.6390816e+01
   1.6453216e+01
   1.6518208e+01
   1.6584832e+01
   1.6646176e+01
   1.6722784e+01
   1.6800064e+01
   1.6867936e+01
   1.6942144e+01
   1.7015968e+01
   1.7085376e+01
   1.7154976e+01
   1.7229184e+01
   1.7309440e+01
   1.7380768e+01
   1.7454016e+01
   1.7526688e+01
   1.7603104e+01
   1.7705248e+01
   1.7811328e+01
   1.7895808e+01
   1.7990080e+01
   1.8151552e+01
   1.8280192e+01
   1.8438976e+01
   1.8552928e+01
   1.8745984e+01
   1.8952960e+01
   2.2955488e+01
   2.3146912e+01
   2.3270560e+01
   2.3362912e+01
   2.3450272e+01
   2.3557504e+01
   2.3630464e+01
   2.3698336e+01
   2.3766688e+01
   2.3831488e+01
   2.3887264e+01
   2.3944288e+01
   2.3999200e+01
   2.4052000e+01
   2.4105088e+01
   2.4186688e+01
   2.4243424e+01
   2.4300928e+01
   2.4356416e+01
   2.4417952e+01
   2.4476800e+01
   2.4536320e+01
   2.4590848e+01
   2.4661408e+01
   2.4721024e+01
   2.4783616e+01
   2.4850048e+01
   2.4915808e+01
   2.4980896e+01
   2.5084768e+01
   2.5152064e+01
   2.5221664e+01
   2.5295776e+01
   2.5363840e+01
   2.5442464e+01
   2.5567072e+01
   2.5647136e+01
   2.5755232e+01
   2.5846528e+01
   2.6004640e+01
   2.6142208e+01
   2.6273536e+01
   2.6406592e+01
   2.6579968e+01
   2.6755360e+01
   2.7178816e+01
   3.0936832e+01
   3.1075360e+01
   3.1188256e+01
   3.1293472e+01
   3.1377280e+01
   3.1450144e+01
   3.1518880e+01
   3.1581184e+01
   3.1641952e+01
   3.1700128e+01
   3.1758688e+01
   3.1818592e+01
   3.1894432e+01
   3.1952800e+01
   3.2008384e+01
   3.2062528e+01
   3.2118688e+01
   3.2174080e+01
   3.2234272e+01
   3.2317696e+01
   3.2384800e+01
   3.2445376e+01
   3.2505952e+01
   3.2565376e+01
   3.2636416e+01
   3.2696320e+01
   3.2799808e+01
   3.2866144e+01
   3.2929312e+01
   3.2997856e+01
   3.3066208e+01
   3.3135136e+01
   3.3196672e+01
   3.3288640e+01
   3.3360544e+01
   3.3426784e+01
   3.3503968e+01
   3.3589216e+01
   3.3674656e+01
   3.3765952e+01
   3.3873088e+01
   3.3956416e+01
   3.4062016e+01
   3.4225696e+01
   3.4352608e+01
   3.4516096e+01
   3.8685856e+01
   3.8872000e+01
   3.8996032e+01
   3.9094048e+01
   3.9212992e+01
   3.9289120e+01
   3.9355840e+01
   3.9421216e+01
   3.9483424e+01
   3.9546016e+01
   3.9604864e+01
   3.9668608e+01
   3.9753472e+01
   3.9811360e+01
   3.9867712e+01
   3.9925120e+01
   3.9987232e+01
   4.0043872e+01
   4.0103968e+01
   4.0165024e+01
   4.0253056e+01
   4.0319776e+01
   4.0386976e+01
   4.0447840e+01
   4.0508416e+01
   4.0569472e+01
   4.0637056e+01
   4.0714336e+01
   4.0782592e+01
   4.0854688e+01
   4.0928512e+01
   4.1024224e+01
   4.1128096e+01
   4.1208160e+01
   4.1290336e+01
   4.1392000e+01
   4.1528224e+01
   4.1620096e+01
   4.1720128e+01
   4.1839264e+01
   4.1943712e+01
   4.2159808e+01
   4.2297472e+01
   4.2500800e+01
   4.2736672e+01
   4.3295968e+01
   4.6810720e+01
   4.6964896e+01
   4.7065600e+01
   4.7166112e+01
   4.7249056e+01
   4.7323360e+01
   4.7386336e+01
   4.7449600e+01
   4.7502592e+01
   4.7578912e+01
   4.7633440e+01
   4.7689984e+01
   4.7745568e+01
   4.7800000e+01
   4.7851360e+01
   4.7906080e+01
   4.7956576e+01
   4.8006688e+01
   4.8068704e+01
   4.8123712e+01
   4.8180928e+01
   4.8240352e+01
   4.8299200e+01
   4.8354016e+01
   4.8407488e+01
   4.8489952e+01
   4.8553504e+01
   4.8619840e+01
   4.8681376e+01
   4.8743392e+01
   4.8813760e+01
   4.8909472e+01
   4.8978592e+01
   4.9056832e+01
   4.9129312e+01
   4.9201408e+01
   4.9330336e+01
   4.9409056e+01
   4.9512928e+01
   4.9594912e+01
   4.9669696e+01
   4.9757920e+01
   4.9892608e+01
   5.0021440e+01
   5.0138848e+01
   5.0391808e+01
   5.0829856e+01
   5.4340864e+01
   5.4474400e+01
   5.4648736e+01
   5.4743488e+01
   5.4832192e+01
   5.4917152e+01
   5.4987136e+01
   5.5072384e+01
   5.5141792e+01
   5.5205440e+01
   5.5266112e+01
   5.5324960e+01
   5.5391296e+01
   5.5478368e+01
   5.5534912e+01
   5.5594048e+01
   5.5655296e+01
   5.5719520e+01
   5.5782304e+01
   5.5844224e+01
   5.5908832e+01
   5.5984384e+01
   5.6048128e+01
   5.6113696e+01
   5.6183200e+01
   5.6252512e+01
   5.6323744e+01
   5.6387776e+01
   5.6512768e+01
   5.6587936e+01
   5.6665984e+01
   5.6745184e+01
   5.6819200e+01
   5.6908864e+01
   5.7004960e+01
   5.7086848e+01
   5.7172384e+01
   5.7263008e+01
   5.7374464e+01
   5.7466432e+01
   5.7556960e+01
   5.7645088e+01
   5.7825088e+01
   5.7944416e+01
   5.8146496e+01
   5.8566592e+01
   6.2350144e+01
   6.2473792e+01
   6.2586592e+01
   6.2680672e+01
   6.2774176e+01
   6.2852128e+01
   6.2924320e+01
   6.2990656e+01
   6.3055168e+01
   6.3120352e+01
   6.3209344e+01
   6.3267136e+01
   6.3325792e+01
   6.3380800e+01
   6.3440320e+01
   6.3499072e+01
   6.3559168e+01
   6.3617344e+01
   6.3682432e+01
   6.3776800e+01
   6.3840832e+01
   6.3900256e+01
   6.3961792e+01
   6.4027072e+01
   6.4091584e+01
   6.4153984e+01
   6.4222432e+01
   6.4324672e+01
   6.4399552e+01
   6.4464928e+01
   6.4552000e+01
   6.4652800e+01
   6.4738816e+01
   6.4825120e+01
   6.4905760e+01
   6.4995040e+01
   6.5132416e+01
   6.5260192e+01
   6.5367424e+01
   6.5493376e+01
   6.5590528e+01
   6.5729248e+01
   6.5863360e+01
   6.6020992e+01
   6.6193600e+01
   6.6537088e+01
   7.0671328e+01
   7.0825408e+01
   7.0939744e+01
   7.1068576e+01
   7.1157184e+01
   7.1236864e+01
   7.1306656e+01
   7.1377696e+01
   7.1443360e+01
   7.1516224e+01
   7.1584576e+01
   7.1646592e+01
   7.1705344e+01
   7.1764960e+01
   7.1826304e+01
   7.1886208e+01
   7.1955040e+01
   7.2010528e+01
   7.2071488e+01
   7.2129088e+01
   7.2188224e+01
   7.2248704e+01
   7.2332608e+01
   7.2391360e+01
   7.2450880e+01
   7.2518464e+01
   7.2600832e+01
   7.2665728e+01
   7.2761440e+01
   7.2836224e+01
   7.2909760e+01
   7.3000576e+01
   7.3070560e+01
   7.3149184e+01
   7.3225792e+01
   7.3295104e+01
   7.3397152e+01
   7.3486624e+01
   7.3600096e+01
   7.3687648e+01
   7.3857088e+01
   7.3993120e+01
   7.4193760e+01
   7.4667616e+01
   7.8337408e+01
   7.8462208e+01
   7.8568768e+01
   7.8682912e+01
   7.8767680e+01
   7.8842656e+01
   7.8910432e+01
   7.8967552e+01
   7.9027168e+01
   7.9111648e+01
   7.9168768e+01
   7.9222048e+01
   7.9278784e+01
   7.9333312e+01
   7.9391488e+01
   7.9446400e+01
   7.9522144e+01
   7.9582432e+01
   7.9636672e+01
   7.9695808e+01
   7.9753888e+01
   7.9814272e+01
   7.9873312e+01
   7.9932064e+01
   8.0014432e+01
   8.0074528e+01
   8.0134336e+01
   8.0196064e+01
   8.0256544e+01
   8.0323744e+01
   8.0396992e+01
   8.0510176e+01
   8.0579584e+01
   8.0656384e+01
   8.0727712e+01
   8.0796928e+01
   8.0876032e+01
   8.0967232e+01
   8.1046912e+01
   8.1133024e+01
   8.1255424e+01
   8.1333952e+01
   8.1419296e+01
   8.1545056e+01
   8.1708544e+01
   8.1940192e+01
   8.5992736e+01
   8.6126080e+01
   8.6234848e+01
   8.6340256e+01
   8.6410720e+01
   8.6476288e+01
   8.6543680e+01
   8.6606080e+01
   8.6666176e+01
   8.6721184e+01
   8.6789056e+01
   8.6844064e+01
   8.6898304e+01
   8.6953408e+01
   8.7004384e+01
   8.7061312e+01
   8.7114688e+01
   8.7170080e+01
   8.7221728e+01
   8.7277696e+01
   8.7335296e+01
   8.7391552e+01
   8.7448864e+01
   8.7513568e+01
   8.7582496e+01
   8.7645856e+01
   8.7708928e+01
   8.7765184e+01
   8.7837760e+01
   8.7901120e+01
   8.8007776e+01
   8.8076224e+01
   8.8149760e+01
   8.8217632e+01
   8.8298656e+01
   8.8369984e+01
   8.8480000e+01
   8.8603168e+01
   8.8683328e+01
   8.8764928e+01
   8.8844992e+01
   8.8947232e+01
   8.9048608e+01
   8.9209888e+01
   8.9386432e+01
   8.9631232e+01
   9.3752320e+01
   9.3927712e+01
   9.4052896e+01
   9.4156576e+01
   9.4228480e+01
   9.4298368e+01
   9.4373248e+01
   9.4436608e+01
   9.4497376e+01
   9.4555840e+01
   9.4614496e+01
   9.4668736e+01
   9.4727296e+01
   9.4780384e+01
   9.4857856e+01
   9.4917184e+01
   9.4981120e+01
   9.5044960e+01
   9.5113600e+01
   9.5182720e+01
   9.5246656e+01
   9.5312320e+01
   9.5409568e+01
   9.5475808e+01
   9.5542048e+01
   9.5610880e+01
   9.5679520e+01
   9.5743840e+01
   9.5811520e+01
   9.5901952e+01
   9.5977024e+01
   9.6054688e+01
   9.6127456e+01
   9.6207904e+01
   9.6312064e+01
   9.6383104e+01
   9.6461440e+01
   9.6547936e+01
   9.6644608e+01
   9.6724288e+01
   9.6809152e+01
   9.6943360e+01
   9.7044640e+01
   9.7160610e+01
   9.7301820e+01
   9.7501790e+01
   9.8013950e+01
   1.0182208e+02
   1.0195638e+02
   1.0206880e+02
   1.0219302e+02
   1.0226733e+02
   1.0234518e+02
   1.0241747e+02
   1.0248131e+02
   1.0254669e+02
   1.0260928e+02
   1.0269702e+02
   1.0275645e+02
   1.0281587e+02
   1.0288086e+02
   1.0293827e+02
   1.0300346e+02
   1.0306902e+02
   1.0313142e+02
   1.0319642e+02
   1.0326304e+02
   1.0332438e+02
   1.0340099e+02
   1.0347827e+02
   1.0354614e+02
   1.0362035e+02
   1.0369418e+02
   1.0376358e+02
   1.0383318e+02
   1.0390739e+02
   1.0398765e+02
   1.0405898e+02
   1.0413222e+02
   1.0420490e+02
   1.0428131e+02
   1.0438346e+02
   1.0448954e+02
   1.0457402e+02
   1.0466829e+02
   1.0482976e+02
   1.0495840e+02
   1.0511718e+02
   1.0523114e+02
   1.0542419e+02
   1.0563117e+02
