   2.0634780e+01
   2.0765052e+01
   2.0877660e+01
   2.0985084e+01
   2.1056316e+01
   2.1154332e+01
   2.1218364e+01
   2.1274140e+01
   2.1329052e+01
   2.1384828e+01
   2.1437724e+01
   2.1490908e+01
   2.1547260e+01
   2.1610236e+01
   2.1663228e+01
   2.1725148e+01
   2.1790524e+01
   2.1845820e+01
   2.1907260e+01
   2.1967836e+01
   2.2025340e+01
   2.2083324e+01
   2.2150428e+01
   2.2214652e+01
   2.2280028e+01
   2.2344060e+01
   2.2412412e+01
   2.2478172e+01
   2.2545084e+01
   2.2630428e+01
   2.2698108e+01
   2.2770492e+01
   2.2840860e+01
   2.2913436e+01
   2.2983036e+01
   2.3085084e+01
   2.3185884e+01
   2.3271228e+01
   2.3381628e+01
   2.3486844e+01
   2.3589468e+01
   2.3702652e+01
   2.3824764e+01
   2.3979228e+01
   2.4124092e+01
   2.4339516e+01
   2.4803004e+01
   2.8656097e+01
   2.8813921e+01
   2.8947361e+01
   2.9024065e+01
   2.9101441e+01
   2.9170753e+01
   2.9229025e+01
   2.9312257e+01
   2.9367745e+01
   2.9421985e+01
   2.9476993e+01
   2.9531713e+01
   2.9585953e+01
   2.9646433e+01
   2.9700769e+01
   2.9752897e+01
   2.9805121e+01
   2.9858593e+01
   2.9912833e+01
   2.9968033e+01
   3.0026593e+01
   3.0090337e+01
   3.0146305e+01
   3.0218209e+01
   3.0286657e+01
   3.0353953e+01
   3.0425857e+01
   3.0495553e+01
   3.0569665e+01
   3.0651169e+01
   3.0724129e+01
   3.0795457e+01
   3.0878401e+01
   3.0952513e+01
   3.1029217e+01
   3.1111105e+01
   3.1229089e+01
   3.1333153e+01
   3.1464865e+01
   3.1572481e+01
   3.1706689e+01
   3.1909633e+01
   3.2140321e+01
   3.6397646e+01
   3.6532526e+01
   3.6668174e+01
   3.6793838e+01
   3.6864782e+01
   3.6944558e+01
   3.7023758e+01
   3.7084526e+01
   3.7140686e+01
   3.7197038e+01
   3.7253966e+01
   3.7310222e+01
   3.7361870e+01
   3.7422446e+01
   3.7474670e+01
   3.7528814e+01
   3.7615406e+01
   3.7669166e+01
   3.7725038e+01
   3.7784942e+01
   3.7852430e+01
   3.7918190e+01
   3.7972718e+01
   3.8035406e+01
   3.8097998e+01
   3.8173262e+01
   3.8235086e+01
   3.8308814e+01
   3.8397038e+01
   3.8469806e+01
   3.8545166e+01
   3.8632334e+01
   3.8708366e+01
   3.8792654e+01
   3.8895662e+01
   3.8988302e+01
   3.9098606e+01
   3.9203054e+01
   3.9308942e+01
   3.9425102e+01
   3.9566702e+01
   3.9690542e+01
   3.9858830e+01
   4.0026350e+01
   4.0419374e+01
   4.4697286e+01
   4.4825830e+01
   4.4915014e+01
   4.4993542e+01
   4.5058822e+01
   4.5117766e+01
   4.5180550e+01
   4.5254086e+01
   4.5313222e+01
   4.5374566e+01
   4.5429478e+01
   4.5482566e+01
   4.5534694e+01
   4.5589606e+01
   4.5648262e+01
   4.5702310e+01
   4.5756358e+01
   4.5810118e+01
   4.5864550e+01
   4.5926854e+01
   4.5987046e+01
   4.6055494e+01
   4.6114822e+01
   4.6179526e+01
   4.6252006e+01
   4.6316326e+01
   4.6378246e+01
   4.6449382e+01
   4.6532230e+01
   4.6601254e+01
   4.6684678e+01
   4.6765894e+01
   4.6849990e+01
   4.6940518e+01
   4.7023942e+01
   4.7102662e+01
   4.7187718e+01
   4.7297926e+01
   4.7421094e+01
   4.7559334e+01
   4.7686918e+01
   4.7864902e+01
   5.2175378e+01
   5.2321394e+01
   5.2431602e+01
   5.2512050e+01
   5.2601330e+01
   5.2669202e+01
   5.2738706e+01
   5.2797554e+01
   5.2853330e+01
   5.2911794e+01
   5.2967378e+01
   5.3022770e+01
   5.3078834e+01
   5.3132690e+01
   5.3188850e+01
   5.3247026e+01
   5.3305874e+01
   5.3366450e+01
   5.3431346e+01
   5.3493554e+01
   5.3552210e+01
   5.3612978e+01
   5.3671826e+01
   5.3742386e+01
   5.3809394e+01
   5.3885714e+01
   5.3959346e+01
   5.4050354e+01
   5.4127442e+01
   5.4209042e+01
   5.4304946e+01
   5.4386642e+01
   5.4491954e+01
   5.4580562e+01
   5.4666002e+01
   5.4764018e+01
   5.4865394e+01
   5.4958514e+01
   5.5076498e+01
   5.5215410e+01
   5.5455890e+01
   5.9902435e+01
   6.0058051e+01
   6.0180451e+01
   6.0271843e+01
   6.0368803e+01
   6.0439843e+01
   6.0530371e+01
   6.0586915e+01
   6.0641251e+01
   6.0698083e+01
   6.0768355e+01
   6.0825571e+01
   6.0882403e+01
   6.0934243e+01
   6.0987523e+01
   6.1039075e+01
   6.1095427e+01
   6.1148899e+01
   6.1206019e+01
   6.1267651e+01
   6.1326403e+01
   6.1386691e+01
   6.1445443e+01
   6.1509667e+01
   6.1577923e+01
   6.1639747e+01
   6.1709251e+01
   6.1782787e+01
   6.1868323e+01
   6.1944739e+01
   6.2015491e+01
   6.2080291e+01
   6.2145571e+01
   6.2227555e+01
   6.2304451e+01
   6.2381539e+01
   6.2466595e+01
   6.2553475e+01
   6.2640163e+01
   6.2728579e+01
   6.2834275e+01
   6.2932675e+01
   6.3074563e+01
   6.3205987e+01
   6.3355651e+01
   6.3484867e+01
   6.3642499e+01
   6.3828067e+01
   6.8147725e+01
   6.8289037e+01
   6.8398765e+01
   6.8479693e+01
   6.8562733e+01
   6.8627053e+01
   6.8697325e+01
   6.8758957e+01
   6.8832973e+01
   6.8891725e+01
   6.8948173e+01
   6.9002605e+01
   6.9060781e+01
   6.9114157e+01
   6.9180589e+01
   6.9239629e+01
   6.9294445e+01
   6.9355597e+01
   6.9415405e+01
   6.9476461e+01
   6.9541741e+01
   6.9608461e+01
   6.9675565e+01
   6.9742861e+01
   6.9810925e+01
   6.9887821e+01
   6.9958765e+01
   7.0037293e+01
   7.0110925e+01
   7.0188301e+01
   7.0271053e+01
   7.0351021e+01
   7.0430029e+01
   7.0507021e+01
   7.0581325e+01
   7.0680397e+01
   7.0766989e+01
   7.0870669e+01
   7.1003053e+01
   7.1118637e+01
   7.1234989e+01
   7.1396269e+01
   7.1562829e+01
   7.1897965e+01
   7.6109640e+01
   7.6249224e+01
   7.6388808e+01
   7.6473768e+01
   7.6561896e+01
   7.6631496e+01
   7.6696104e+01
   7.6753320e+01
   7.6809960e+01
   7.6866024e+01
   7.6923432e+01
   7.6978344e+01
   7.7059944e+01
   7.7118888e+01
   7.7176392e+01
   7.7231304e+01
   7.7296104e+01
   7.7352168e+01
   7.7409576e+01
   7.7466984e+01
   7.7524104e+01
   7.7592744e+01
   7.7668488e+01
   7.7737512e+01
   7.7810664e+01
   7.7878824e+01
   7.7946984e+01
   7.8012648e+01
   7.8077832e+01
   7.8152232e+01
   7.8231912e+01
   7.8310440e+01
   7.8408168e+01
   7.8495240e+01
   7.8588168e+01
   7.8692712e+01
   7.8780840e+01
   7.8895752e+01
   7.9021128e+01
   7.9158216e+01
   7.9293576e+01
   7.9510344e+01
   7.9871880e+01
   8.3938809e+01
   8.4054009e+01
   8.4152121e+01
   8.4227961e+01
   8.4292473e+01
   8.4384153e+01
   8.4444153e+01
   8.4496281e+01
   8.4550329e+01
   8.4605433e+01
   8.4656601e+01
   8.4706809e+01
   8.4759513e+01
   8.4811257e+01
   8.4870681e+01
   8.4927705e+01
   8.4985497e+01
   8.5038489e+01
   8.5095129e+01
   8.5149177e+01
   8.5210137e+01
   8.5275225e+01
   8.5335897e+01
   8.5394937e+01
   8.5456761e+01
   8.5526265e+01
   8.5592505e+01
   8.5660953e+01
   8.5731705e+01
   8.5813305e+01
   8.5897977e+01
   8.5975545e+01
   8.6055897e+01
   8.6141337e+01
   8.6212281e+01
   8.6291385e+01
   8.6378841e+01
   8.6468121e+01
   8.6551737e+01
   8.6658297e+01
   8.6769849e+01
   8.6912121e+01
   8.7065721e+01
   8.7248793e+01
   9.1700981e+01
   9.1817429e+01
   9.1950485e+01
   9.2028341e+01
   9.2125301e+01
   9.2196821e+01
   9.2258069e+01
   9.2315093e+01
   9.2367797e+01
   9.2438165e+01
   9.2493461e+01
   9.2546645e+01
   9.2599445e+01
   9.2650325e+01
   9.2703317e+01
   9.2762261e+01
   9.2818997e+01
   9.2876789e+01
   9.2935349e+01
   9.2992661e+01
   9.3047765e+01
   9.3107669e+01
   9.3176117e+01
   9.3243989e+01
   9.3314165e+01
   9.3385109e+01
   9.3453845e+01
   9.3526901e+01
   9.3591029e+01
   9.3660821e+01
   9.3735509e+01
   9.3809525e+01
   9.3883733e+01
   9.3969077e+01
   9.4057109e+01
   9.4155701e+01
   9.4263797e+01
   9.4360661e+01
   9.4458773e+01
   9.4570805e+01
   9.4674101e+01
   9.4803797e+01
   9.4926485e+01
   9.5119925e+01
   9.9880277e+01
   1.0000517e+02
   1.0012537e+02
   1.0020178e+02
   1.0026668e+02
   1.0032322e+02
   1.0037823e+02
   1.0046521e+02
   1.0051253e+02
   1.0056908e+02
   1.0061996e+02
   1.0067247e+02
   1.0072633e+02
   1.0077797e+02
   1.0082847e+02
   1.0088194e+02
   1.0093916e+02
   1.0099129e+02
   1.0104466e+02
   1.0109929e+02
   1.0116428e+02
   1.0122370e+02
   1.0128725e+02
   1.0134917e+02
   1.0141196e+02
   1.0147637e+02
   1.0153349e+02
   1.0159743e+02
   1.0166645e+02
   1.0173980e+02
   1.0181909e+02
   1.0189263e+02
   1.0196482e+02
   1.0206178e+02
   1.0215913e+02
   1.0224437e+02
   1.0233029e+02
   1.0243791e+02
   1.0253852e+02
   1.0266524e+02
   1.0278917e+02
   1.0292770e+02
   1.0316079e+02
   1.0724031e+02
   1.0737058e+02
   1.0748319e+02
   1.0759061e+02
   1.0766185e+02
   1.0775986e+02
   1.0782389e+02
   1.0787967e+02
   1.0793458e+02
   1.0799036e+02
   1.0804325e+02
   1.0809644e+02
   1.0815279e+02
   1.0821577e+02
   1.0826876e+02
   1.0833068e+02
   1.0839605e+02
   1.0845135e+02
   1.0851279e+02
   1.0857337e+02
   1.0863087e+02
   1.0868885e+02
   1.0875596e+02
   1.0882018e+02
   1.0888556e+02
   1.0894959e+02
   1.0901794e+02
   1.0908370e+02
   1.0915061e+02
   1.0923596e+02
   1.0930364e+02
   1.0937602e+02
   1.0944639e+02
   1.0951897e+02
   1.0958857e+02
   1.0969061e+02
   1.0979141e+02
   1.0987676e+02
   1.0998716e+02
   1.1009237e+02
   1.1019500e+02
   1.1030818e+02
   1.1043029e+02
   1.1058476e+02
   1.1072962e+02
   1.1094505e+02
   1.1140853e+02
