   1.5408256e+01
   1.5755104e+01
   1.5958720e+01
   1.6246912e+01
   1.6411072e+01
   1.6545664e+01
   1.6676416e+01
   1.6831648e+01
   1.6952896e+01
   1.7064352e+01
   1.7176000e+01
   1.7346976e+01
   1.7468512e+01
   1.7582464e+01
   1.7759296e+01
   1.7883424e+01
   1.7993536e+01
   1.8196864e+01
   1.8310816e+01
   1.8475360e+01
   1.8592000e+01
   1.8783328e+01
   1.8900928e+01
   1.9067968e+01
   1.9317856e+01
   1.9655488e+01
   2.3433376e+01
   2.3749504e+01
   2.3981056e+01
   2.4156736e+01
   2.4384448e+01
   2.4520288e+01
   2.4712864e+01
   2.4824224e+01
   2.4930208e+01
   2.5026976e+01
   2.5186336e+01
   2.5294240e+01
   2.5395616e+01
   2.5600480e+01
   2.5714240e+01
   2.5830880e+01
   2.5921984e+01
   2.6064160e+01
   2.6172160e+01
   2.6276704e+01
   2.6406208e+01
   2.6511232e+01
   2.6655232e+01
   2.6817184e+01
   2.7185824e+01
   2.7415072e+01
   3.1178560e+01
   3.1488256e+01
   3.1710880e+01
   3.1873312e+01
   3.2068192e+01
   3.2204320e+01
   3.2338624e+01
   3.2464096e+01
   3.2580448e+01
   3.2688352e+01
   3.2791552e+01
   3.2937280e+01
   3.3037312e+01
   3.3142336e+01
   3.3249088e+01
   3.3377536e+01
   3.3495424e+01
   3.3601312e+01
   3.3691360e+01
   3.3836416e+01
   3.3954880e+01
   3.4076032e+01
   3.4273408e+01
   3.4393216e+01
   3.4545280e+01
   3.4734304e+01
   3.5006752e+01
   3.9180832e+01
   3.9487360e+01
   3.9728128e+01
   3.9939328e+01
   4.0084672e+01
   4.0209376e+01
   4.0379104e+01
   4.0495072e+01
   4.0617664e+01
   4.0801408e+01
   4.0918048e+01
   4.1047264e+01
   4.1220160e+01
   4.1327776e+01
   4.1455456e+01
   4.1627680e+01
   4.1756608e+01
   4.1908576e+01
   4.2028960e+01
   4.2217792e+01
   4.2361600e+01
   4.2552832e+01
   4.2801568e+01
   4.3160320e+01
   4.7033824e+01
   4.7312512e+01
   4.7557504e+01
   4.7776192e+01
   4.7929312e+01
   4.8050464e+01
   4.8201952e+01
   4.8317824e+01
   4.8426400e+01
   4.8563488e+01
   4.8670624e+01
   4.8764224e+01
   4.8885856e+01
   4.9030624e+01
   4.9127104e+01
   4.9250368e+01
   4.9400224e+01
   4.9541824e+01
   4.9658560e+01
   4.9767808e+01
   4.9964704e+01
   5.0125504e+01
   5.0407264e+01
   5.0631232e+01
   5.4541312e+01
   5.4847072e+01
   5.5096768e+01
   5.5287808e+01
   5.5451968e+01
   5.5649344e+01
   5.5796224e+01
   5.5920640e+01
   5.6080960e+01
   5.6188576e+01
   5.6293408e+01
   5.6389888e+01
   5.6483872e+01
   5.6608192e+01
   5.6713408e+01
   5.6810272e+01
   5.6928736e+01
   5.7070144e+01
   5.7178144e+01
   5.7284704e+01
   5.7441568e+01
   5.7563392e+01
   5.7673888e+01
   5.7867328e+01
   5.7998944e+01
   5.8188640e+01
   5.8527232e+01
   5.8800448e+01
   6.2683936e+01
   6.2966560e+01
   6.3161440e+01
   6.3398656e+01
   6.3552064e+01
   6.3694432e+01
   6.3900640e+01
   6.4016416e+01
   6.4124032e+01
   6.4219360e+01
   6.4368928e+01
   6.4473664e+01
   6.4611808e+01
   6.4739968e+01
   6.4822624e+01
   6.4926304e+01
   6.5035840e+01
   6.5186848e+01
   6.5321536e+01
   6.5429632e+01
   6.5569504e+01
   6.5754016e+01
   6.5903872e+01
   6.6079360e+01
   6.6299872e+01
   6.6674080e+01
   7.0846432e+01
   7.1142976e+01
   7.1332960e+01
   7.1604448e+01
   7.1786944e+01
   7.2034816e+01
   7.2181120e+01
   7.2298720e+01
   7.2442432e+01
   7.2555808e+01
   7.2689824e+01
   7.2845344e+01
   7.2943552e+01
   7.3057216e+01
   7.3143712e+01
   7.3236928e+01
   7.3359328e+01
   7.3500160e+01
   7.3585696e+01
   7.3711744e+01
   7.3956256e+01
   7.4095744e+01
   7.4258464e+01
   7.4676256e+01
   7.8498400e+01
   7.8782080e+01
   7.8963040e+01
   7.9117600e+01
   7.9287808e+01
   7.9424032e+01
   7.9593088e+01
   7.9698496e+01
   7.9819552e+01
   7.9929760e+01
   8.0103328e+01
   8.0216224e+01
   8.0316640e+01
   8.0419168e+01
   8.0584480e+01
   8.0683552e+01
   8.0782048e+01
   8.0887456e+01
   8.1053824e+01
   8.1185248e+01
   8.1325984e+01
   8.1452320e+01
   8.1614848e+01
   8.1879520e+01
   8.2094656e+01
   8.2424608e+01
   8.6202976e+01
   8.6515648e+01
   8.6712544e+01
   8.6940352e+01
   8.7082240e+01
   8.7294592e+01
   8.7432832e+01
   8.7562432e+01
   8.7690400e+01
   8.7799744e+01
   8.7900160e+01
   8.8064416e+01
   8.8177216e+01
   8.8281856e+01
   8.8370368e+01
   8.8517344e+01
   8.8649248e+01
   8.8752352e+01
   8.8856320e+01
   8.8952800e+01
   8.9100256e+01
   8.9262976e+01
   8.9434624e+01
   8.9565376e+01
   8.9950432e+01
   9.4296832e+01
   9.4570912e+01
   9.4798624e+01
   9.5012416e+01
   9.5153728e+01
   9.5286976e+01
   9.5475520e+01
   9.5596576e+01
   9.5693440e+01
   9.5787616e+01
   9.5946880e+01
   9.6037312e+01
   9.6124864e+01
   9.6221248e+01
   9.6307264e+01
   9.6449728e+01
   9.6544576e+01
   9.6632128e+01
   9.6735040e+01
   9.6843328e+01
   9.7018240e+01
   9.7187870e+01
   9.7354530e+01
   9.7582620e+01
   1.0208646e+02
   1.0243331e+02
   1.0263693e+02
   1.0292512e+02
   1.0308928e+02
   1.0322387e+02
   1.0335462e+02
   1.0350986e+02
   1.0363110e+02
   1.0374256e+02
   1.0385421e+02
   1.0402518e+02
   1.0414672e+02
   1.0426067e+02
   1.0443750e+02
   1.0456163e+02
   1.0467174e+02
   1.0487507e+02
   1.0498902e+02
   1.0515357e+02
   1.0527021e+02
   1.0546154e+02
   1.0557914e+02
   1.0574618e+02
   1.0599606e+02
   1.0633370e+02
