   2.1304860e+01
   2.1542460e+01
   2.1737916e+01
   2.1925884e+01
   2.2058172e+01
   2.2200540e+01
   2.2320444e+01
   2.2415868e+01
   2.2502748e+01
   2.2611228e+01
   2.2721148e+01
   2.2819932e+01
   2.2910364e+01
   2.3007996e+01
   2.3109180e+01
   2.3243004e+01
   2.3354652e+01
   2.3454780e+01
   2.3563740e+01
   2.3688540e+01
   2.3844636e+01
   2.3958588e+01
   2.4076380e+01
   2.4206940e+01
   2.4356508e+01
   2.4569532e+01
   2.4845148e+01
   2.9047681e+01
   2.9279521e+01
   2.9453281e+01
   2.9577793e+01
   2.9728705e+01
   2.9830561e+01
   2.9935393e+01
   3.0034081e+01
   3.0159361e+01
   3.0261793e+01
   3.0346945e+01
   3.0434881e+01
   3.0529345e+01
   3.0618817e+01
   3.0734401e+01
   3.0840673e+01
   3.0946465e+01
   3.1048705e+01
   3.1147297e+01
   3.1283617e+01
   3.1397089e+01
   3.1520257e+01
   3.1642081e+01
   3.1780033e+01
   3.1966561e+01
   3.2145793e+01
   3.2340769e+01
   3.6786542e+01
   3.7114190e+01
   3.7300142e+01
   3.7483886e+01
   3.7689806e+01
   3.7804622e+01
   3.7931726e+01
   3.8035886e+01
   3.8131310e+01
   3.8239118e+01
   3.8325518e+01
   3.8452142e+01
   3.8544302e+01
   3.8633006e+01
   3.8727278e+01
   3.8814350e+01
   3.8915630e+01
   3.9024974e+01
   3.9127502e+01
   3.9227918e+01
   3.9341102e+01
   3.9448334e+01
   3.9559118e+01
   3.9670862e+01
   3.9798638e+01
   3.9963374e+01
   4.0193198e+01
   4.0398830e+01
   4.5060742e+01
   4.5370534e+01
   4.5540934e+01
   4.5665830e+01
   4.5763846e+01
   4.5862918e+01
   4.5991174e+01
   4.6083430e+01
   4.6196998e+01
   4.6288486e+01
   4.6397350e+01
   4.6500166e+01
   4.6638310e+01
   4.6759942e+01
   4.6881094e+01
   4.7001958e+01
   4.7129062e+01
   4.7266630e+01
   4.7451430e+01
   4.7616454e+01
   4.7809894e+01
   4.7994310e+01
   5.2707314e+01
   5.2931954e+01
   5.3074226e+01
   5.3190866e+01
   5.3314034e+01
   5.3408786e+01
   5.3504786e+01
   5.3598770e+01
   5.3690642e+01
   5.3817362e+01
   5.3906258e+01
   5.4004658e+01
   5.4095762e+01
   5.4187058e+01
   5.4291026e+01
   5.4388466e+01
   5.4481202e+01
   5.4600626e+01
   5.4722450e+01
   5.4862514e+01
   5.4975986e+01
   5.5124498e+01
   5.5310258e+01
   5.5503890e+01
   5.5692434e+01
   5.5932338e+01
   6.0486403e+01
   6.0693283e+01
   6.0913603e+01
   6.1050307e+01
   6.1162051e+01
   6.1263715e+01
   6.1365475e+01
   6.1466083e+01
   6.1555651e+01
   6.1650019e+01
   6.1738915e+01
   6.1824451e+01
   6.1920739e+01
   6.2009347e+01
   6.2099683e+01
   6.2227555e+01
   6.2322595e+01
   6.2417347e+01
   6.2514403e+01
   6.2621827e+01
   6.2754019e+01
   6.2883043e+01
   6.3009379e+01
   6.3164707e+01
   6.3336067e+01
   6.3508387e+01
   6.3698851e+01
   6.4101571e+01
   6.8505325e+01
   6.8780461e+01
   6.8976109e+01
   6.9108397e+01
   6.9243853e+01
   6.9364909e+01
   6.9470125e+01
   6.9565645e+01
   6.9665389e+01
   6.9756109e+01
   6.9846253e+01
   6.9948589e+01
   7.0075501e+01
   7.0175533e+01
   7.0272013e+01
   7.0381165e+01
   7.0470637e+01
   7.0577293e+01
   7.0703149e+01
   7.0821133e+01
   7.0958029e+01
   7.1099917e+01
   7.1251501e+01
   7.1417581e+01
   7.1693005e+01
   7.2055693e+01
   7.6673160e+01
   7.6833192e+01
   7.6975080e+01
   7.7180520e+01
   7.7305704e+01
   7.7417352e+01
   7.7517192e+01
   7.7615400e+01
   7.7735304e+01
   7.7822568e+01
   7.7917608e+01
   7.8014856e+01
   7.8109992e+01
   7.8217416e+01
   7.8300936e+01
   7.8404520e+01
   7.8514632e+01
   7.8642696e+01
   7.8759432e+01
   7.8881832e+01
   7.9012200e+01
   7.9175400e+01
   7.9307208e+01
   7.9462344e+01
   7.9683336e+01
   8.4281625e+01
   8.4543129e+01
   8.4697113e+01
   8.4797049e+01
   8.4912633e+01
   8.5010937e+01
   8.5098297e+01
   8.5188057e+01
   8.5283289e+01
   8.5366617e+01
   8.5448505e+01
   8.5536153e+01
   8.5625625e+01
   8.5704921e+01
   8.5792665e+01
   8.5913913e+01
   8.6004345e+01
   8.6103129e+01
   8.6199129e+01
   8.6291673e+01
   8.6395161e+01
   8.6483769e+01
   8.6589465e+01
   8.6698905e+01
   8.6801817e+01
   8.6945529e+01
   8.7157689e+01
   8.7359961e+01
   8.7592569e+01
   9.2314517e+01
   9.2580821e+01
   9.2728373e+01
   9.2862197e+01
   9.2974517e+01
   9.3070517e+01
   9.3171605e+01
   9.3278261e+01
   9.3361397e+01
   9.3454037e+01
   9.3557333e+01
   9.3648341e+01
   9.3739157e+01
   9.3834101e+01
   9.3924629e+01
   9.4012661e+01
   9.4121141e+01
   9.4220501e+01
   9.4344149e+01
   9.4446197e+01
   9.4582901e+01
   9.4687349e+01
   9.4821749e+01
   9.4961141e+01
   9.5103701e+01
   9.5281973e+01
   9.5541941e+01
   1.0008994e+02
   1.0034031e+02
   1.0059797e+02
   1.0075042e+02
   1.0085852e+02
   1.0098514e+02
   1.0108901e+02
   1.0121103e+02
   1.0131711e+02
   1.0141973e+02
   1.0152543e+02
   1.0162325e+02
   1.0172501e+02
   1.0182447e+02
   1.0194073e+02
   1.0204133e+02
   1.0217295e+02
   1.0229257e+02
   1.0240162e+02
   1.0254437e+02
   1.0270661e+02
   1.0286703e+02
   1.0304463e+02
   1.0325545e+02
   1.0347701e+02
   1.0711705e+02
   1.0735465e+02
   1.0755010e+02
   1.0773807e+02
   1.0787036e+02
   1.0801273e+02
   1.0813263e+02
   1.0822805e+02
   1.0831493e+02
   1.0842341e+02
   1.0853333e+02
   1.0863212e+02
   1.0872255e+02
   1.0882018e+02
   1.0892137e+02
   1.0905519e+02
   1.0916684e+02
   1.0926697e+02
   1.0937593e+02
   1.0950073e+02
   1.0965682e+02
   1.0977077e+02
   1.0988857e+02
   1.1001913e+02
   1.1016869e+02
   1.1038172e+02
   1.1065733e+02
